0.0135051191387,0.0,0.0,0.00804593243997,0.0,0.0,0.0116675040748,0.0,0.0100112372915,0.0,0.0,0.00715873694536,0.0,0.0079179757738,0.0,0.00862597274075,0.00583793485302,0.0,0.00965426457481,0.00955182226332,0.00489993677577,0.0,0.00354007437635,0.00781365957499,0.013405564441,0.0175789822833,0.0243323579318,0.0448425102444,0.0207293446464,0.0167404352068,0.0597974246658,0.0158535651846,0.0308773991353,0.0144261580337,0.0920783738304,0.00925565480998,0.0623961684784,0.0259366396013,0.0356605997264,0.0527790550933,0.0183813754577,0.0400313790564,0.036303577703,0.0688507991607,0.0193112196092,0.00949253369284,0.0360030104757,0.0487900053478,0.0530566292932,0.0209325782495,0.00840641367391,0.0125947970412,0.0179408244223,0.0165337226088,0.0163610400318,0.0632077006561,0.015912244065,0.007379455201,0.0178003759313,0.014833330697,0.0492412828795,0.0162302467991,0.0131068496993,0.0214645657639,0.0100894984345,0.0136894537039,0.0160897023207,0.0186703062294,0.0249359476572,0.0139917616671,0.0112898937379,0.0133366547776,0.012196428445,0.0144980372473,0.013726019179,0.0137162506925,0.0240386197379,0.01320344719,0.00735951088653,0.0126138831301,0.0145670349861,0.0174091578212,0.0146622029559,0.0150291406298,0.00939255660018,0.00965498385539,0.0147194984178,0.0231418662833,0.0392442770465,0.405723950921
0.00579883559582,0.0,0.0,0.00693237546328,0.0,0.0,0.00375365085408,0.0,0.00320661286958,0.0,0.0,0.00204769306128,0.0,0.00315812508277,0.0,0.000903317598301,0.000543348948746,0.0,0.00119970339709,0.00173081621205,0.00219860444757,0.0,0.00261981073413,0.00298631411797,0.00638028958776,0.00220112007134,0.00502785048035,0.00714169286767,0.0136372826358,0.00251015500445,0.0116871205181,0.00167421256158,0.00517385379168,0.00349735240969,0.0666875077681,0.0151613112341,0.0294491413827,0.00812691354287,0.00490404281881,0.00982627775631,0.015362937342,0.0361191684502,0.0278535733914,0.0652293705743,0.0119362518321,0.0143897188337,0.0501837097867,0.0152865441666,0.0659122468232,0.0170845713211,0.0120023899966,0.00859409202081,0.00833400232704,0.0129866077967,0.0136205143471,0.0393723840139,0.00956341356188,0.0111200467596,0.0143061438212,0.0146082465532,0.0642814531269,0.0105918535284,0.0126101928353,0.0136230529935,0.0137272802819,0.0100961470597,0.00776822183688,0.0170325801956,0.00937270055477,0.0135200119385,0.00698755289687,0.00751414742276,0.0141474179216,0.0112494868797,0.014229496166,0.00767787811636,0.0111182321322,0.00523308424852,0.00249070766584,0.00625945592685,0.0102726659787,0.0154963875863,0.0128440497617,0.0126725461914,0.0102447302353,0.0146618476795,0.0183078976224,0.020077132136,0.047883167185,0.37981104925
0.0173103948921,0.0,0.0,0.0125101514824,0.0,0.0,0.00751144046318,0.0,0.0103300429009,0.0,0.0,0.0174413764797,0.0,0.0107808027746,0.0,0.0066891620563,0.00488694230056,0.0,0.00207568079661,0.00247485244696,0.00534762320533,0.0,0.00664167010109,0.00389413192892,0.00568319326497,0.00438619493912,0.00595871697977,0.0150798328512,0.0219055181161,0.0141927796979,0.0217332902492,0.00169305714894,0.00956637713958,0.0165888098579,0.044224511671,0.0185096077095,0.0400362979488,0.0229695278621,0.00922330511016,0.0145508258101,0.0120912039548,0.0517845184599,0.0353006992997,0.0678132984258,0.0223197691024,0.0333692184866,0.058875795331,0.0646916001627,0.139263676247,0.0228309540857,0.0130752265529,0.0282312150596,0.0199209870096,0.0570262884167,0.0259369780005,0.0540604144587,0.0195027725137,0.014864793473,0.0158621229883,0.0194058195478,0.0638815535063,0.032189769815,0.0188322220682,0.0228771114193,0.0334067401269,0.0266922413353,0.0178414174074,0.0406786267918,0.0253570876827,0.0412778038807,0.0165081029572,0.0137784440372,0.0194855637708,0.035603545137,0.0203187628958,0.025499786692,0.0239815180138,0.0147216851962,0.0249413657516,0.0322716485695,0.0239388060578,0.0249924074826,0.030245851911,0.0506247192309,0.0645812475454,0.0355048437632,0.0613724546853,0.0418471834619,0.0771005536851,0.918544579787
0.0168208457478,0.0,0.0,0.0111922329978,0.0,0.0,0.00515168255342,0.0,0.00550275351854,0.0,0.0,0.00476721375928,0.0,0.00743190078838,0.0,0.00473355725493,0.00926570673597,0.0,0.00286937872402,0.00712596431689,0.0047483116648,0.0,0.00363147131596,0.00416646851367,0.00932584440389,0.00254704368909,0.0117167805008,0.0213280204773,0.0282611594701,0.00732539376436,0.0343270929266,0.00925114140308,0.00960083527714,0.0068674419511,0.0684476043209,0.0435048402912,0.086375112235,0.0332464820811,0.0157306717483,0.013511742362,0.0144472773321,0.0333446810162,0.0270033889644,0.0509840388185,0.0127933519411,0.0196149083136,0.0276208493945,0.0250133761807,0.0473347914543,0.0197962580843,0.0222394820568,0.0361834092474,0.0290387006116,0.0163002496142,0.0248227732248,0.0816550311419,0.0263874313056,0.0258144750526,0.0185841842327,0.0238167657918,0.0716090009797,0.025797638762,0.0295733334865,0.0231018739265,0.0216121804175,0.0228104248057,0.0228235351309,0.0324144463155,0.0182996906362,0.0173258207371,0.0219894171771,0.0254434551618,0.0246165233869,0.0247862440569,0.0270413503785,0.0278087116917,0.0190247323893,0.0214813219267,0.0206632885233,0.027431741978,0.0277292639209,0.0294311948986,0.0325580047921,0.0398322163464,0.0279437506646,0.0288099886123,0.0433542568984,0.0404560869236,0.0579466356512,0.639638654237
0.0106361946012,0.0,0.0,0.00878299592289,0.0,0.0,0.0095993775287,0.0,0.00516214125885,0.0,0.0,0.00321035242688,0.0,0.00711007169848,0.0,0.0100466602995,0.0047011760361,0.0,0.00360277386979,0.00423829249848,0.00444085048288,0.0,0.00280156551348,0.00627386325159,0.0049040354096,0.00613046689568,0.00332594523073,0.0136485961352,0.0174442933694,0.0204842676557,0.0223615155572,0.0058730981628,0.011033273686,0.0140322396984,0.0252034266614,0.0177688645964,0.0339872756669,0.0194510688734,0.00748063462696,0.0134947304723,0.0127225878474,0.0542519699992,0.0290232900436,0.0816540837331,0.0225331068918,0.0334047785952,0.0711562190175,0.0676866038427,0.112974151912,0.0154585406597,0.0183468332808,0.0243295523575,0.0289466142274,0.0345367276385,0.0264867613767,0.0533968242279,0.0195636459368,0.0170443442708,0.0212757797536,0.0330135231986,0.0851754109049,0.0485031794398,0.0310471684386,0.0200370554164,0.025551474064,0.0248356151909,0.0125255878892,0.0170541317546,0.0266720776799,0.0358280508815,0.0190357788606,0.013611277923,0.0262626471805,0.0287573137301,0.0177844635514,0.0235461984186,0.0311492596116,0.0272277831265,0.0371908011858,0.0358021014587,0.0301847798741,0.0376343568618,0.0349055112185,0.0637881726749,0.0630525121969,0.0389424960694,0.0767071561581,0.0468035064768,0.0771477942843,1.01223948795
0.00669511606977,0.0,0.0,0.00498949365024,0.0,0.0,0.00250826415945,0.0,0.00435864857955,0.0,0.0,0.00496327627543,0.0,0.00302765662168,0.0,0.00328453045717,0.00163460073361,0.0,0.000581103244034,0.00357006004712,0.00299841742676,0.0,0.00402586744758,0.00667174855395,0.0050391889066,0.0066331027077,0.00994940943386,0.0176155460757,0.0243696269901,0.0312094830026,0.0240947470606,0.00321439100667,0.0108351740231,0.00995211417428,0.0446743440066,0.0371589831571,0.0418006855992,0.033014157144,0.00721285443297,0.0116822584813,0.00990736732933,0.0339019548303,0.0243713755082,0.0247905744,0.00829875381685,0.00853573265772,0.0319322009054,0.0236653405052,0.078272416769,0.0202461032168,0.00902151210522,0.0247509858204,0.0204994941452,0.0117667398603,0.0148298662842,0.0519847138374,0.0122444174966,0.0118029973609,0.015539205597,0.0208182289058,0.103786169105,0.0158828619038,0.0154446387423,0.00850358619993,0.00745015993309,0.0113317214802,0.0157432647733,0.015317293791,0.0132161637172,0.0169332484944,0.0130429313539,0.00946890218129,0.0226846483912,0.0171141103826,0.0138816258546,0.0165920517788,0.0182452756554,0.0190695091909,0.0186811567322,0.0340374031599,0.0209163316743,0.0284279999298,0.0246582644478,0.0226157261818,0.0211122885118,0.0203019479176,0.0248676998165,0.0331496728446,0.0443090884318,0.496415495841
0.0107106180735,0.0,0.0,0.00058840876949,0.0,0.0,0.00440891463427,0.0,0.00573976833153,0.0,0.0,0.00517972881166,0.0,0.00786794016485,0.0,0.00190988192171,0.00488180902099,0.0,0.000729988407674,0.00541580884551,0.00474983273551,0.0,0.00485887070799,0.00399238913241,0.00280938371716,0.00554541659231,0.00369929464014,0.0164564911989,0.022741209861,0.0109076273076,0.03059142237,0.00889054214046,0.0102465533912,0.00707535844056,0.0940763409247,0.020999043864,0.0605256295737,0.0173498155553,0.00484476487205,0.0123915107535,0.00554923737211,0.0297928676058,0.0184992163116,0.0499980981538,0.0273809405828,0.0251384324645,0.0549128376086,0.0477848172709,0.0976119863109,0.0210938231031,0.0147658113472,0.0107379684042,0.0123496964451,0.0341456128025,0.0197558056672,0.0462130314029,0.0152752360822,0.0140908425611,0.0145282212795,0.024402779061,0.0946461932372,0.0406164429431,0.0250605987979,0.0151606345955,0.015905490805,0.0231489513192,0.0102306526963,0.0226727836988,0.0254310892067,0.027711079313,0.0140386441638,0.0126870957085,0.0252491384301,0.0264055945757,0.0169119602527,0.0133615494499,0.0308967784353,0.0139270132543,0.0338469356042,0.0493441724576,0.037116459626,0.0317508979461,0.0412356578671,0.0628747140298,0.0673891008011,0.0374216612933,0.0529311553695,0.0457919957721,0.0675698785881,0.955449726226
0.0142732565716,0.0,0.0,0.0110887755449,0.0,0.0,0.00516266344035,0.0,0.0109910715803,0.0,0.0,0.0168146876028,0.0,0.00991209164102,0.0,0.0156614112141,0.0134832620232,0.0,0.0109703268425,0.0200742629877,0.020348107186,0.0,0.0224220201863,0.0297638094082,0.0385646790061,0.0283897594454,0.0220192109513,0.0302588001343,0.00793289944754,0.027256996768,0.101548285946,0.0379494161836,0.0341807445318,0.0244213536541,0.061608870521,0.0385840059441,0.0522300933539,0.0295944369785,0.00794566202886,0.0407098510056,0.0111685163198,0.0454575417758,0.0661037094119,0.0947599113746,0.0522997389957,0.0307573540218,0.074488182397,0.0591421992192,0.0988784107975,0.0215122325971,0.0286621790711,0.0497829764419,0.0680813277763,0.0502841213955,0.0324448636078,0.0698126389682,0.0334245415147,0.0389790747091,0.0694132722121,0.0298715335974,0.0965557175172,0.0319013779062,0.0312102753673,0.0464041083677,0.0362920000351,0.0612755008355,0.054419393839,0.0350281980071,0.0516926728869,0.040982014987,0.0605856858288,0.0512414742252,0.0372781179904,0.019309386892,0.0608525060688,0.0145649101221,0.0200273175886,0.0565220466444,0.0238385908254,0.0387294780538,0.0481462907308,0.0272527242128,0.0314733487801,0.0280812825459,0.0347044647038,0.0239318630432,0.0319272925141,0.0233853371188,0.0524390554,0.520692720142
0.0125609623311,0.0,0.0,0.00615146754805,0.0,0.0,0.0042596208278,0.0,0.000169401289194,0.0,0.0,0.00232728308014,0.0,0.00307833551052,0.0,0.0159757257252,0.0236632803763,0.0,0.0501773437918,0.0967928712685,0.0162389127937,0.0,0.0171683385391,0.0065389780663,0.0105162595011,0.0100208509787,0.000553137520032,0.029574290582,0.0179525000464,0.0124588851082,0.0332930186393,0.00701567812334,0.00904740472922,0.0062887682137,0.0294107084366,0.0376869327383,0.019498913542,0.0428298570506,0.0845874781786,0.0354073344535,0.0142439303914,0.0167772925905,0.0217285538368,0.0418716295996,0.00254453991146,0.00620188310245,0.0591437496371,0.0387549684749,0.0230759881746,0.0166008068028,0.0497801239921,0.0386797049393,0.0243582143605,0.0530293715595,0.0342053746299,0.068171264281,0.0192672452763,0.0210251349604,0.0574642993839,0.0300384991799,0.0425257833768,0.0164884995101,0.0156219969174,0.0143808546936,0.0116182826807,0.0588167079308,0.0128658014916,0.0191712901486,0.0132018577953,0.0150525260471,0.0167634878376,0.0171922016994,0.0171486271408,0.016534387181,0.0160687510086,0.00949559489366,0.0148988068392,0.0239590841121,0.0145706221156,0.0148208958655,0.0205581224325,0.0153287807331,0.0131198694472,0.0138476467821,0.0368705745252,0.0302528600567,0.0272045142594,0.0234590148586,0.0214215034038,0.364315211179
0.00320444974551,0.0,0.0,0.00119583285292,0.0,0.0,0.00478891705494,0.0,0.00644084113769,0.0,0.0,0.00396626140332,0.0,0.00493789055138,0.0,0.00215774742687,0.00776147560686,0.0,0.00410263212018,0.00733822276754,0.0130099717413,0.0,0.0134724691158,0.00565901846832,0.0056829071654,0.00641216811799,0.0133708522661,0.0324119380243,0.0180453052584,0.00664464068892,0.0141576951561,0.00254831771448,0.00974276263924,0.00426218093205,0.0289735391469,0.014207677728,0.00844388824798,0.0172728399191,0.0782259126266,0.0511876319539,0.0119348395475,0.0102932188109,0.024292159037,0.0476882056075,0.0109277236947,0.0220909765096,0.0651848694848,0.0319928080044,0.0106843830833,0.0149073894394,0.0295650057339,0.0210348999172,0.019753278897,0.051085823887,0.0127314444865,0.0659075344773,0.0155288149988,0.0158081830793,0.0572424090932,0.0206431351403,0.0199472439785,0.0139285560015,0.013298419207,0.010093806131,0.0247245641031,0.0626260130622,0.0158635123918,0.0126964568068,0.0159795602787,0.0107234163246,0.0184404303172,0.0104489012778,0.00616472183532,0.0102003404596,0.0176459607713,0.00992004571229,0.0133538457759,0.0243579246575,0.0126454749716,0.00800607158012,0.0181733548101,0.0128381777085,0.010367640194,0.0367314338522,0.0281918837576,0.0127659135569,0.0403009759295,0.0291426874015,0.0404021300572,0.558309057809
0.00433656905868,0.0,0.0,0.00739785856621,0.0,0.0,0.0026526281618,0.0,0.00584969188873,0.0,0.0,0.0012600444942,0.0,0.00142254071958,0.0,0.000206078426573,0.00226400774173,0.0,0.00204595532101,0.00278830241539,0.00647648120871,0.0,0.00146243978766,0.00336505761972,0.00394244247378,0.00206862626713,0.0130362215832,0.0364329947808,0.00703636018493,0.0111311762528,0.0157518275171,0.00934472463859,0.0188578302182,0.00569298134761,0.0813157313586,0.0433270739608,0.0267325728274,0.0233296438182,0.0272293093258,0.0663100569652,0.00914011111899,0.0176073904416,0.0248813528047,0.0516303372212,0.0123520426749,0.0287988130881,0.0917040096224,0.0260291600326,0.0136718039193,0.0138952217922,0.0607718314707,0.028761185194,0.039418762634,0.0383646406491,0.0168826170597,0.0671033543467,0.010976346692,0.0185163686033,0.0439988107986,0.0102204667989,0.0181322634475,0.00637193757982,0.00690237160932,0.00483938918697,0.0138092306879,0.0577332796966,0.0156497075991,0.00711734535793,0.00906604471712,0.00928989330019,0.0168631301735,0.0139859545234,0.00687718016829,0.00704931479123,0.0119120457089,0.00593821699722,0.00593250932224,0.0232842092847,0.00763042409178,0.00604196866718,0.0134484264696,0.0119906847579,0.00852784149669,0.0395939369129,0.0275687904388,0.0147206029453,0.0303454877104,0.0117871674016,0.0344217115088,0.384559548934
0.00741120469317,0.0,0.0,0.00202530427586,0.0,0.0,0.00385106286054,0.0,0.000914121019325,0.0,0.0,0.00618833908671,0.0,0.00394916749858,0.0,0.00607017604782,0.0063375668167,0.0,0.0023534828254,0.00464230727472,0.00481645114015,0.0,0.00295078191039,0.00437075909991,0.00645164861914,0.00414416494819,0.0144001725731,0.0429157991349,0.00275449631843,0.00769075511577,0.00435786977691,0.0048377352293,0.0156658352819,0.01274738951,0.0386515734907,0.0217336519658,0.0225622547358,0.0413594072225,0.0448795581252,0.0661371597447,0.0125424881896,0.0455835093344,0.0207806707171,0.0601586678033,0.0272306102642,0.0314974610805,0.0480369086862,0.0615688947994,0.0207856472307,0.00785817719315,0.0443392102562,0.0526857373248,0.0464529314132,0.0559793605998,0.0332187428701,0.0670361281267,0.0228621572189,0.0266540136215,0.069357369203,0.0377321870343,0.0200448527047,0.0280778273069,0.0234204377727,0.0262179956427,0.0250430499243,0.0579413111338,0.0273294036079,0.0312518433885,0.0240488219802,0.033447495532,0.0259290927537,0.0208330610059,0.0230170645544,0.0240363113762,0.0260278277693,0.0292065212,0.0304465338639,0.0340846470139,0.0392025908889,0.0332958351671,0.0351663589287,0.0373469948947,0.0386314267291,0.0634421889745,0.0716543991935,0.0465719563299,0.08422496644,0.0479601310833,0.0641451391661,0.950064966017
0.00352050125315,0.0,0.0,0.00259533777238,0.0,0.0,0.00366964577546,0.0,0.00406909323329,0.0,0.0,0.000569785083661,0.0,0.00285858598664,0.0,0.00388316075285,0.00190005591313,0.0,0.0043382802221,0.00205085719094,0.00270268561144,0.0,0.00320527191422,0.00355038726676,0.00329120992606,0.00478024782058,0.0121025535206,0.0624511119055,0.0169272461148,0.00349540731437,0.00843320061592,0.000561363448387,0.0146988268886,0.00579625818193,0.0557585303995,0.0116655167864,0.00738264442081,0.00543440684341,0.0375814626008,0.0224135759154,0.0179002634659,0.025769427544,0.0288854370132,0.0527923967168,0.0239527362004,0.0474224574551,0.0695090944499,0.0385748671434,0.0170967657483,0.0137223841538,0.0547872176478,0.0416119829944,0.0456829581788,0.04894570133,0.0275311390317,0.0501275676399,0.0255276069487,0.0246110044067,0.0603142730814,0.0266929282974,0.0482956261361,0.0283388547403,0.027939033788,0.0163277572413,0.02721513319,0.0398270851455,0.0184859989883,0.0211938701513,0.0245789138668,0.0308339237555,0.0230575040183,0.0202177475344,0.0206315994825,0.0308506788232,0.0215643466307,0.0228659710426,0.0225446586222,0.0266756215628,0.0425661131328,0.0279360517096,0.0334147756847,0.0350992376433,0.0348672850227,0.0642306924411,0.0720414282814,0.0451818060926,0.07497459607,0.0584357361435,0.0567814244489,0.988729731361
0.0120739177527,0.0,0.0,0.0085914153283,0.0,0.0,0.00464265800642,0.0,0.00616759353089,0.0,0.0,0.00689438811343,0.0,0.00558807884055,0.0,0.0110267597736,0.0175822414752,0.0,0.0444592100139,0.0600923202096,0.0507111715206,0.0,0.00841757678494,0.0109366098425,0.0171875050483,0.0157393008773,0.0246196310537,0.0594812600247,0.0307540822634,0.0217521889114,0.0601252977616,0.0340973686869,0.0276467919213,0.00576489262926,0.0547456627078,0.0175742544932,0.0397213838566,0.0277080015227,0.0430184219934,0.0509091176528,0.0213183506141,0.0358581784743,0.0408530311072,0.107545046296,0.0451196754323,0.0213279436445,0.0801789231527,0.032450691222,0.0201740035593,0.0163950182696,0.0481734673302,0.0275570699194,0.05155360582,0.0248717326357,0.011182902508,0.058144233213,0.0131234193805,0.0185332419398,0.0616809437562,0.0219510113238,0.0176441863946,0.0173510295267,0.0159469837641,0.017179644651,0.0191519982761,0.026242583362,0.0171818582579,0.0160296664567,0.018946749691,0.0163731069188,0.0188421217072,0.0163871462372,0.0116392130305,0.0105447730269,0.0102657402787,0.0121648987354,0.0204332123806,0.0160183364731,0.0267672188485,0.0187044013241,0.0271130271187,0.0211537874714,0.0184070649167,0.0296781655167,0.0246102585842,0.0233828711824,0.0316531376968,0.0209008016316,0.0384242350024,0.494839194141
0.00472312795312,0.0,0.0,0.00743540227254,0.0,0.0,0.00635643020457,0.0,0.00622425527305,0.0,0.0,0.00270267140115,0.0,0.00501451027332,0.0,0.00945482458305,0.00946040354715,0.0,0.0292589515799,0.0637500633271,0.0211314313368,0.0,0.0181330693923,0.0101960898512,0.00856003462642,0.00522128150076,0.00921931306415,0.0602295991084,0.00694898058714,0.0109205866148,0.0153061417975,0.00800158825399,0.0187766217567,0.0160351826223,0.059647681181,0.0212554343965,0.0199022006498,0.0276887550853,0.075983727443,0.0388268604619,0.0141245975016,0.019360333658,0.0235930415655,0.0439295419773,0.0152957181068,0.0215146440222,0.061418159177,0.0319176036062,0.0169211693446,0.0221950149868,0.0372566271704,0.0438030580236,0.0238319513312,0.021410877466,0.0186162305523,0.0465096683104,0.0137880119989,0.0145881552178,0.0424435820809,0.0152400262361,0.0126261682295,0.00887176135176,0.00919513731015,0.0114810358645,0.00717889312732,0.0170386959908,0.00727937608172,0.00695872092514,0.00984573094191,0.00991219196421,0.0102868853119,0.00888642266717,0.00963367746628,0.0104616119188,0.00943328373599,0.00569688028672,0.00811398735871,0.0118254577786,0.0142003642158,0.00900465787524,0.0133912262136,0.0117346236088,0.00964452255471,0.016968438322,0.0180845009614,0.0201550631946,0.0244090613596,0.0134070058317,0.0100997881385,0.266349434974
0.0127311400655,0.0,0.0,0.00659758351624,0.0,0.0,0.0113527223661,0.0,0.00548797720896,0.0,0.0,0.00434590724785,0.0,0.0128224743095,0.0,0.00680695653113,0.0170103652641,0.0,0.0376456185202,0.0691302809066,0.0258011103773,0.0,0.0161510058842,0.0284114944012,0.0196516096047,0.0125165589042,0.0205275760697,0.0834842181332,0.0243716745089,0.0185397159692,0.0502483305302,0.0252828405732,0.0461529361987,0.0163600758295,0.0617651003174,0.0666101524015,0.0228091089609,0.0267408142355,0.0531270638321,0.0353810592319,0.0273625454639,0.0456042243113,0.0626622315429,0.106920899879,0.0621654767418,0.0552436893118,0.084913300842,0.0347228013155,0.0180186578417,0.0134063380265,0.0412851765665,0.05719893861,0.0635715826134,0.0248830440547,0.023377688146,0.0545534663293,0.019443959425,0.0265115110616,0.0742600001603,0.026721148462,0.0141120586725,0.0169733772022,0.0162710526125,0.0174514718302,0.0202020738571,0.0209192474867,0.0172841427329,0.0297027747349,0.0255473965663,0.025748260468,0.0787289815185,0.0189593103351,0.0122175636059,0.00569130814466,0.0156805277536,0.0211302606645,0.017323969984,0.0226419708115,0.0234531791169,0.0295628175361,0.0326898780072,0.0285103029026,0.03064195283,0.029493057289,0.0244196580368,0.0251800816041,0.0311924699263,0.0306801119814,0.0516622151789,0.536800045903
0.00510568388155,0.0,0.0,0.0112416857223,0.0,0.0,0.00408451101505,0.0,0.00443410179755,0.0,0.0,0.00373074487423,0.0,0.00120669260016,0.0,0.00337218032126,0.00194965025056,0.0,0.000709345906298,0.00313063458052,0.00328612800283,0.0,0.00356335924842,0.0062969538575,0.00837312174681,0.0135241473053,0.0253165853366,0.0409715222346,0.0154045233408,0.00884710709484,0.00772743622785,0.00755839352751,0.0160973896741,0.00811324775584,0.0432510449052,0.0158328374374,0.00729910570073,0.020686036757,0.045815039994,0.0340027081988,0.0116932667725,0.0102315324854,0.0299982659338,0.0385526805929,0.0197165095551,0.0210446172416,0.067407092205,0.0213523329168,0.00885076348459,0.00906943058763,0.0451314749614,0.0260266886784,0.0384154822004,0.0141200695687,0.0138778063252,0.0448545858844,0.0135418628258,0.0218408536627,0.0850617173137,0.0224643497788,0.00582052524148,0.00464088339881,0.0120495332445,0.0108785855281,0.0111394496018,0.0191814145084,0.00698280602699,0.0113711409141,0.00919342488796,0.0145331725419,0.0786619461327,0.0174958947796,0.00773649900816,0.00646701051101,0.00712159513782,0.00556968138949,0.00538797956093,0.0119386543237,0.00554959336775,0.00868898627454,0.0217425708546,0.0175383318404,0.0316321433492,0.039329605683,0.00943905331705,0.0176753003119,0.0379735943688,0.030371789952,0.056177005832,0.528849525974
0.0156983468293,0.0,0.0,0.0118924385644,0.0,0.0,0.00982183193033,0.0,0.00940900905727,0.0,0.0,0.0106328014815,0.0,0.0101840992585,0.0,0.00600550340353,0.00881375197753,0.0,0.00685684623533,0.00482990166408,0.00343389660007,0.0,0.00410873152344,0.0035492031658,0.00446884625123,0.00558490579759,0.0143038995031,0.0273096931381,0.00669694247427,0.00302167705872,0.00694590322968,0.00484595372247,0.0125667762509,0.00611852094286,0.0335174762922,0.021560211308,0.0235427309629,0.0344435516452,0.0391950117391,0.0671381647102,0.0261043749851,0.0308790678623,0.0368094602359,0.0818655709715,0.0342471352652,0.0212321757754,0.109564968665,0.0369345614296,0.0233734553463,0.0264510807658,0.034585219388,0.0227914277576,0.0602093951775,0.033779581444,0.024313457311,0.0428687420493,0.0285100005571,0.0259528390333,0.0849667260139,0.0293656791621,0.0350613372482,0.0325657928468,0.0599459718399,0.0329789051594,0.0269045690321,0.0340031892459,0.0250834400704,0.0361542836423,0.0353051773566,0.0335022129711,0.0847472352403,0.0252138868303,0.0261196651894,0.037546028271,0.0204556317548,0.0201432095235,0.0400484767824,0.03180389113,0.0450481291783,0.0330697144758,0.0481991399725,0.035574414221,0.0562476583012,0.06961263803,0.0829477779916,0.077755562334,0.0975858167922,0.0722930180921,0.084129824325,1.20401049084
0.0196188061304,0.0,0.0,0.0117961950999,0.0,0.0,0.0215793739054,0.0,0.00476714345952,0.0,0.0,0.0100992822516,0.0,0.00675128716483,0.0,0.019656672304,0.01158355131,0.0,0.0305953751917,0.0530885551899,0.0260433038373,0.0,0.0183652758214,0.0135020411484,0.0177960302868,0.0157738406003,0.0364197238588,0.0457426765558,0.00577950207599,0.00812933416506,0.0495063577377,0.0247128852675,0.0223697886191,0.015064888704,0.10248221397,0.0389681047753,0.0557961612573,0.0317112643305,0.0239960916528,0.0684963210547,0.0249310770687,0.024099116772,0.04466122271,0.0716191575935,0.0311299003911,0.0352315470562,0.0570831028818,0.0336561045525,0.0173171385853,0.0083512836011,0.0563793325327,0.041609170834,0.0234563092758,0.0255484731182,0.0142612240103,0.0509646626628,0.0176578282781,0.0169985261041,0.059064745169,0.0255317996576,0.0132514663786,0.0105987135307,0.00925072672762,0.012469856539,0.0237178680418,0.0270931546501,0.0180670556185,0.0111716707181,0.0130820905637,0.0287633476999,0.0577182613716,0.0160370331707,0.0112495939257,0.00828647819537,0.0116095283977,0.011859563671,0.0144000899222,0.0123119694524,0.0181982589173,0.0127467731596,0.022100076662,0.015332253654,0.0217618822763,0.0216207858313,0.0211455980316,0.0232430053998,0.0333000252977,0.0206163094003,0.0403081043167,0.428851330563
0.0179870653237,0.0,0.0,0.0109263568528,0.0,0.0,0.0105479364816,0.0,0.0123285840526,0.0,0.0,0.00621860447334,0.0,0.00639027476267,0.0,0.00812465219816,0.00831352875083,0.0,0.00499078822807,0.00702402184642,0.00572622048761,0.0,0.00134527439192,0.00220996525946,0.00710962255228,0.00959687722859,0.012857808284,0.0278201700546,0.0101103518259,0.00522478017288,0.00630736663928,0.00738451084197,0.0238286673484,0.0260723923386,0.0477439888005,0.0112034823758,0.00593537779301,0.00706422413305,0.0622310666162,0.0480502873221,0.0173935304711,0.0368634911242,0.0514332875256,0.0870802719378,0.0573100112852,0.0401781334785,0.119621483408,0.020108447935,0.0194520298463,0.0121988109559,0.0346977582851,0.0444427296455,0.0414960619722,0.0447346231108,0.0131892274426,0.0632188438132,0.0168884177446,0.0209305704865,0.0577115776729,0.0244389867573,0.0139870771031,0.0275473984693,0.0329362040367,0.0155939928652,0.0270180436312,0.0549613510138,0.0218174615464,0.0295345605737,0.0242576466552,0.0144440887088,0.0399820877863,0.0232329152316,0.0104383898842,0.0253940440543,0.014524645441,0.0192126665075,0.0261668304509,0.0304443675894,0.0274645201426,0.0255484173679,0.0420891236154,0.0240871845347,0.0311114280568,0.0441091088091,0.0563224016324,0.0440057792082,0.0667152517888,0.0473661151306,0.0597008421012,0.808581252727
0.000364422122415,0.0,0.0,0.00259297762211,0.0,0.0,0.00332599285386,0.0,0.00251611136246,0.0,0.0,0.00496329789055,0.0,0.00525432587104,0.0,0.00408950814632,0.0141141710535,0.0,0.0115476095464,0.0260719652565,0.0136462224326,0.0,0.0326642605653,0.0107176560891,0.049914607407,0.00310301982081,0.043572228275,0.0595312636646,0.0146156103614,0.0459128688424,0.0596434640944,0.0157327599437,0.0511061021678,0.00679206336564,0.0431852101483,0.0278496394583,0.0376266565093,0.0364210227077,0.066324023933,0.062978149344,0.0199893647353,0.0475806241698,0.0621564368427,0.071201900057,0.0459150562417,0.0509922616171,0.0542279860191,0.0279927028422,0.0203436155943,0.0161600591565,0.0401764054288,0.0315634267456,0.0497150000429,0.0556296289513,0.0190784846829,0.0570717876158,0.0269355519284,0.0163440216821,0.0535397498427,0.0215497175569,0.0144824606755,0.027268138988,0.0287304116406,0.0152526921787,0.0325635980478,0.076712048889,0.0368295328604,0.0306827612582,0.0296317401559,0.0214378291549,0.0312530741882,0.0260177471514,0.0160873177402,0.0259711134292,0.0200516830328,0.0217866629997,0.0328253369519,0.0441159740613,0.038048301489,0.0323447786522,0.0512992998355,0.03426366791,0.0316855064495,0.0436609512442,0.0440596198878,0.0686591335521,0.0624955334843,0.0452926378425,0.0724657025497,0.870089183068
0.00976212402892,0.0,0.0,0.00445272252429,0.0,0.0,0.00538752493279,0.0,0.00148457588092,0.0,0.0,0.00154871306997,0.0,0.00634255546479,0.0,0.00939383250588,0.00916711870691,0.0,0.00981691047389,0.0197708995779,0.014083659707,0.0,0.0309117698025,0.00699016838922,0.0535318036627,0.0136909396291,0.0285330193305,0.0890746419349,0.0292872401088,0.0460113396969,0.0499190906533,0.0116049124023,0.0539003520257,0.0119281733318,0.103043858878,0.0408929818332,0.0332793176576,0.0443182192434,0.0305780225685,0.0611605817486,0.0343795228707,0.0218410703053,0.0371795658612,0.080774579339,0.0502481880297,0.0319092709002,0.0694593051219,0.0279968102557,0.0166330184229,0.0145612375616,0.0347882416175,0.0381852144948,0.0503519862291,0.0570974495842,0.0274868681857,0.0671601227138,0.0300968086097,0.0234805268251,0.0590032048491,0.0200833108558,0.0219685351401,0.0231589730652,0.0263784430454,0.0225733577729,0.0262678919634,0.0517134776443,0.0202204155603,0.0207530093879,0.0198338726808,0.0299573695254,0.0191155751048,0.0137909574391,0.0185864504076,0.0233022838355,0.0184459412237,0.0190419801958,0.0248654331272,0.0332001034535,0.0306955977429,0.0344679629029,0.0385917408831,0.0358879621593,0.0351443511552,0.0506231923921,0.0551561428474,0.031375898128,0.0458883780433,0.0427294987161,0.061334468452,0.774649714889
0.0134767971331,0.0,0.0,0.00553794838507,0.0,0.0,0.0102015187405,0.0,0.00800063258125,0.0,0.0,0.0104646078188,0.0,0.0167667721783,0.0,0.0154558309827,0.0140141453419,0.0,0.0252647632478,0.0106761138417,0.0247850023311,0.0,0.012218914685,0.0210736303109,0.0288607736148,0.0296909511495,0.0284277632082,0.0689025913227,0.0214129021801,0.0394428229231,0.0703224039481,0.0121715011908,0.0470181664217,0.0405699495643,0.0334259890498,0.0629321135623,0.0282415448958,0.0224566442844,0.0396577304402,0.0839814011326,0.0255492538076,0.044879643428,0.0412954827534,0.134462223694,0.0209274144619,0.0469773592747,0.0555741999968,0.0382321711328,0.0315538675746,0.0256564089197,0.0392973345479,0.0964676715307,0.0439562483836,0.0390780379374,0.0305799973686,0.0826439247447,0.0205850238972,0.0336421472191,0.0668897322157,0.0332678416654,0.0242420174815,0.0173350482208,0.0196659643582,0.0301568348867,0.0254238922286,0.0621041461312,0.0589423483225,0.0304515664322,0.0312420456221,0.0198109922863,0.0232865997869,0.0159783213197,0.015977656556,0.0214282095704,0.0325024642917,0.0222157597215,0.0224402178687,0.0259118075033,0.0345276911399,0.0241012773794,0.0262575282812,0.0231330457507,0.0241216562702,0.0290704022461,0.0246158546361,0.0304139525819,0.0162586928304,0.0220583746407,0.0428329882131,0.458928124477
0.0247063760258,0.0,0.0,0.0115520506942,0.0,0.0,0.0122802866058,0.0,0.0110686629075,0.0,0.0,0.00944053635112,0.0,0.0100089942451,0.0,0.0046610660224,0.0109785167912,0.0,0.028587735051,0.0368991747397,0.0362370037084,0.0,0.0450815947068,0.0398051239287,0.0237972235152,0.0351989995094,0.0387054976093,0.0340273708519,0.0299344502067,0.00990748814121,0.0575341353159,0.0260951746638,0.0139447872798,0.00883230434253,0.0280611231099,0.0322309201084,0.0115712413982,0.0225445550153,0.00839166694665,0.0348522632673,0.0119793840363,0.0339393087243,0.0506717868351,0.0215889765505,0.0215492353876,0.0423037584741,0.0929643261029,0.0450354532599,0.0473286222607,0.0195939833243,0.0486148090618,0.126984861508,0.0369315088255,0.0384668925959,0.0515967722256,0.0170749234387,0.0208853933721,0.0352424611599,0.0436612513694,0.0457509419293,0.0194095266775,0.0238647948689,0.0346360807537,0.0561617409923,0.0547571246089,0.0748505035071,0.066572255562,0.0457973692284,0.0265946807549,0.0246077384826,0.0220108761025,0.0117464833614,0.0171382091654,0.0299429020788,0.0438960918967,0.0233868153066,0.0204328791269,0.0253278092378,0.031715424591,0.0255498976086,0.0231044297852,0.014061168169,0.0178709660141,0.0214192596304,0.0195161136326,0.0407181827033,0.0281205064609,0.0309232004786,0.0403068705758,0.463152081966
0.011489806236,0.0,0.0,0.00879485857185,0.0,0.0,0.0101625064421,0.0,0.00632944097746,0.0,0.0,0.00678482770724,0.0,0.0082281661827,0.0,0.00963391180755,0.00875272067143,0.0,0.018630497083,0.0459951298973,0.0391953969071,0.0,0.0118544692741,0.0198924165715,0.010442328135,0.00311823730064,0.0112768850856,0.0403121352004,0.0222557188902,0.0166772241815,0.0218604890376,0.0137590905943,0.0093668453772,0.00817770967438,0.0384140528015,0.0197806904904,0.0293532362864,0.0136822376928,0.0109511614749,0.0431749117011,0.0178181308982,0.0257815793936,0.0636220298504,0.0113299538973,0.0155212732768,0.0517537353858,0.0970494763645,0.0326786046581,0.0110096844779,0.00679460480778,0.0116374013856,0.0677004334542,0.0229025348465,0.0164737280702,0.0409328162357,0.0337900392954,0.0171662414834,0.0240856858092,0.0619755807025,0.0320291351964,0.0158055109861,0.0134822573519,0.0259031333941,0.0158646136002,0.0181492121106,0.0540806312214,0.0691322579533,0.029145236003,0.0124923682106,0.009614511136,0.0121971532305,0.0124860618555,0.0126830085515,0.0185192021964,0.0160122542125,0.0151057874207,0.0195148247073,0.0196457661983,0.0240156051268,0.0226448068556,0.0205767049798,0.0146460285789,0.0132734247137,0.016455427884,0.0255180616137,0.0400905155867,0.0305672557915,0.0328742274565,0.0340592414809,0.530228347868
0.00414135308297,0.0,0.0,0.00758913489916,0.0,0.0,0.00468391000473,0.0,0.0074865753624,0.0,0.0,0.0044703785095,0.0,0.00179881593494,0.0,0.00372073516869,0.00532225324431,0.0,0.00710691062628,0.0034916312456,0.0103179777556,0.0,0.0286890372342,0.0156470954715,0.0240822326253,0.00274436864754,0.00831498077008,0.0102012720819,0.0106586776581,0.0266641452603,0.0685241881762,0.00748063825367,0.012852111664,0.00864789019178,0.0641997166599,0.0500482095617,0.0364973108785,0.0221297196795,0.0361023234197,0.0642887418032,0.0114750870424,0.0555620462373,0.048715312891,0.0369161613664,0.0204085573873,0.0371460534325,0.118506691653,0.0219556754618,0.0169403754598,0.0187651219209,0.0224032684979,0.0742169578764,0.0419767400839,0.0302663457266,0.0318749363466,0.0549125074199,0.0303626245706,0.0223029407631,0.0534613053722,0.0191338916892,0.00979592322755,0.0236731699255,0.050269292244,0.0322165323282,0.0361388919546,0.0350500824121,0.0696537671124,0.0279949920568,0.0276081001541,0.0241659182521,0.0228986700606,0.0250827358611,0.018168643878,0.0268503025383,0.0201468236201,0.0235540204774,0.032529699054,0.0268141626141,0.0455361083005,0.029626611522,0.0300484217425,0.0359907630068,0.044769090532,0.0497587264048,0.0627502346085,0.0616264280969,0.0748989448923,0.0517835793242,0.0657512354595,0.873474254219
0.0136984827059,0.0,0.0,0.00749034763914,0.0,0.0,0.00807526049674,0.0,0.00630712154274,0.0,0.0,0.00643109122575,0.0,0.00078578515966,0.0,0.000723952376755,0.00829884907856,0.0,0.016703091786,0.0237359329651,0.0394961065614,0.0,0.0463438955329,0.0513241597567,0.0327032715052,0.0319207019727,0.030239989019,0.0499131233597,0.0334083061498,0.0440736860374,0.092278209531,0.0104200438179,0.0708009514082,0.012515515915,0.0744028491815,0.0190440790337,0.0185626264356,0.0232690723895,0.0240490323886,0.0803135676121,0.0315243542738,0.0385489463899,0.0745218737859,0.0496976864998,0.0371411142262,0.0249739284427,0.0976695994669,0.027809773197,0.0160164087566,0.011209996753,0.0111589195494,0.0445041687387,0.0282666981397,0.0254488210726,0.0270327720895,0.0196365661003,0.0139472703792,0.0132558522129,0.0609377420374,0.0138617748465,0.0137458483642,0.0104454422976,0.0113857112359,0.011713509092,0.0135015594735,0.0218822110141,0.0499258181785,0.0121051178396,0.0103297728445,0.0130289717317,0.00735112223332,0.00996652142063,0.00477756728862,0.00901970720394,0.0082549153843,0.00552474086911,0.00975791013786,0.0122367678923,0.0192653222633,0.0127571299419,0.0151115897594,0.0129726304822,0.0092022173402,0.018649023921,0.0155006064991,0.0337145372563,0.0332872378658,0.0172598991232,0.0193776269792,0.357894844224
0.00681842342884,0.0,0.0,0.0034512912685,0.0,0.0,0.0103291391079,0.0,0.00330469177729,0.0,0.0,0.012256548091,0.0,0.00652682222981,0.0,0.00853076485644,0.0181108070712,0.0,0.0218007054935,0.0121315417666,0.0486919921941,0.0,0.0561964553913,0.0609405010053,0.0283306122775,0.02876282229,0.026548953272,0.0220560115717,0.0222269533565,0.033063411461,0.0608393024341,0.00962988956213,0.0348593520399,0.00178015777268,0.0479241070572,0.0664064545923,0.0337231808022,0.0212768391808,0.0140544285271,0.0523397558634,0.0305067611901,0.0413877240318,0.0641670576952,0.0477222079011,0.032187200852,0.028960984878,0.0577672509668,0.0282321033276,0.018168694886,0.014266638002,0.0151576987233,0.0557492497913,0.0307800314989,0.0149632566444,0.0250153554456,0.0159267525409,0.0107195997284,0.0147285912759,0.052448801893,0.0182904064581,0.014000503579,0.00778909401191,0.0134186945393,0.0165134220343,0.00748981375831,0.0322327294289,0.0384100850661,0.0147903010327,0.0131257194469,0.0216824664451,0.0150090919305,0.0105588746003,0.00470204390101,0.0095228313349,0.0124299540134,0.0102168767341,0.0079061008744,0.0131826439368,0.0238653433528,0.0182738516016,0.0142879591282,0.0108499160571,0.0101632299939,0.0384968421005,0.0105418033291,0.0292892480601,0.0588619456653,0.0310371737327,0.0518895386055,0.48477475948
0.0114666219912,0.0,0.0,0.00798774504147,0.0,0.0,0.00740799472303,0.0,0.00899079448055,0.0,0.0,0.00712040793282,0.0,0.00319732478446,0.0,0.0107128174807,0.0173468175789,0.0,0.0190762801885,0.0252577111924,0.0144397965258,0.0,0.0193851560008,0.0475856882906,0.0195064916497,0.00217721251536,0.0122366339167,0.0183156024401,0.0117807591795,0.0329828734972,0.0455949363079,0.00286058574903,0.0147751015791,0.0193724812997,0.0682543769075,0.046243349379,0.031389776452,0.0287762580445,0.0155074434405,0.0629563211698,0.0126337341025,0.0241524864462,0.0293628271432,0.0245583865348,0.0188000692487,0.0235074723268,0.0459572372171,0.0228263689631,0.0126737078733,0.011462439703,0.0185318564526,0.0640834523394,0.0476811007223,0.018091861806,0.0193146443408,0.0237035585629,0.0408437670729,0.0210227740247,0.0529989587202,0.0217531252891,0.0184012386279,0.0263690171982,0.0413622263418,0.0267473928833,0.0249347554774,0.0406735936701,0.0364188413729,0.033013105557,0.0255329414638,0.0182377488717,0.0201521312475,0.0228971114825,0.0188662285758,0.024362591899,0.0221278542649,0.0278330356328,0.024961776288,0.025219649059,0.0388811138185,0.0319060278384,0.0366833268607,0.0278290424498,0.0249074348994,0.0631400782869,0.0581765126275,0.0536700500287,0.0667455786378,0.0628811643133,0.0629524767341,0.895722990438
0.00808981212683,0.0,0.0,0.0014412258812,0.0,0.0,0.00333662506304,0.0,0.00147048184081,0.0,0.0,0.00299129214053,0.0,0.00494855023847,0.0,0.00271226997079,0.00189682953906,0.0,0.00699511468308,0.00456246564828,0.0129970795569,0.0,0.0151346496754,0.0170763752115,0.0433473262269,0.0106756012248,0.00688738632978,0.00985600447751,0.00560150074457,0.0301253723535,0.0478783006364,0.0188482876625,0.0214460198294,0.0103132422608,0.0422742376905,0.035365383955,0.00777826072461,0.00988810994049,0.00721215775586,0.0626423980096,0.0214026052141,0.014559243807,0.0354164651884,0.0126550852406,0.00614823068788,0.0115754087183,0.128050089702,0.021409190981,0.0137874276304,0.00803328108929,0.0187656332595,0.0412609837507,0.0344779477903,0.0157493108975,0.0133042273109,0.0181052355442,0.0110509370288,0.0109807121361,0.0520103146529,0.0238487091567,0.010026538374,0.00588801395603,0.00846004404711,0.0110003206534,0.0109551866232,0.0285627094655,0.018387544079,0.00814285507227,0.00773566882755,0.00589864279779,0.0140903870181,0.0116468339448,0.00685238896355,0.00713635131985,0.00791934021979,0.0077307392747,0.00898287700754,0.0104680624721,0.00941949573062,0.00818539024355,0.0172802881562,0.015492069262,0.014516349561,0.0362214875597,0.0102149997933,0.0185923730342,0.0344125767966,0.0258950584575,0.0483945857744,0.538227221506
0.0118565971361,0.0,0.0,0.00552571611937,0.0,0.0,0.00957101841621,0.0,0.00188340713254,0.0,0.0,0.00335417447104,0.0,0.0049664570152,0.0,0.00598907555602,0.00471066266705,0.0,0.0131549319136,0.0372339042107,0.0590866027266,0.0,0.0574102013865,0.0525175420877,0.013788171922,0.0329212712821,0.0238591675847,0.0209445061898,0.0368895252231,0.014138045198,0.0715262244149,0.013716475944,0.0397595469248,0.0167628852037,0.078541713199,0.0466940701488,0.0373577205091,0.0232157224539,0.0444253502091,0.0851292723826,0.0290413520748,0.0608906070089,0.0795342782645,0.0484745998493,0.0371544614152,0.0359106196469,0.0352291418808,0.0202229008725,0.0135807798799,0.0126087158044,0.0102872198045,0.0494334761996,0.0132571404973,0.0262558677713,0.0186450691344,0.0136425800984,0.0146291902959,0.0182993027328,0.0615800432753,0.024517033097,0.00759078646363,0.00917602186102,0.00709684577037,0.00918049821922,0.00996795186936,0.0129836536594,0.0116131968613,0.0105252882731,0.0114630912915,0.0229679105659,0.0753124221461,0.0208281060086,0.00994189650995,0.00996046168649,0.00603095419659,0.00487552018225,0.0105402262708,0.0177606294364,0.018954304813,0.0192137374561,0.0206785036117,0.0173257832387,0.0296661532904,0.0343269670178,0.0131316234493,0.023910172675,0.0457995710829,0.0254185032102,0.0288119089862,0.401110843677
0.0130983201847,0.0,0.0,0.0176586587932,0.0,0.0,0.00469411507366,0.0,0.0102781557986,0.0,0.0,0.00943786384801,0.0,0.0165531261002,0.0,0.00680990352921,0.00097874884208,0.0,0.0147164087071,0.0221418387173,0.0642538912669,0.0,0.0768071369779,0.0126282510944,0.0348252169954,0.0362167540911,0.033223079383,0.0428275304552,0.0216983734994,0.05957034439,0.0469781583092,0.0287399268042,0.0518686165558,0.0188816405223,0.0582139970981,0.0317727306801,0.0188005044422,0.0210187746427,0.0200738755106,0.0842144483314,0.0213855594191,0.0457618529643,0.0353635291463,0.0469729957845,0.0315543832342,0.0262678544355,0.0489846642667,0.0227340091979,0.0188253133594,0.0198860279882,0.0223972446416,0.0684220330172,0.0360704913948,0.0176586081853,0.0181487233438,0.0112466362793,0.0212812825844,0.017186206232,0.0765655877903,0.0264286834148,0.0195588968116,0.0189987999706,0.0179722160652,0.0181445305227,0.0164290680306,0.0253446192085,0.0104723502169,0.0137884017647,0.0134342011317,0.0192953522117,0.0852687785643,0.0179563665325,0.00681614297092,0.0118441222013,0.0100566045825,0.00669617675188,0.0119833380893,0.0146891967902,0.0140679203645,0.0161371491972,0.0242259636392,0.0250205284161,0.0268034478764,0.036847297699,0.0116025998691,0.0193063083634,0.0464634516383,0.0342758362544,0.0479085446696,0.581682851342
0.0157897525087,0.0,0.0,0.0141448814894,0.0,0.0,0.0112874960788,0.0,0.00917278351704,0.0,0.0,0.00613650258626,0.0,0.00758534125315,0.0,0.00204911925035,0.00793631979836,0.0,0.00456145760813,0.00654644668241,0.0049101702788,0.0,0.0160208797585,0.010188264633,0.0243996564177,0.00926720753479,0.00697689671351,0.00928594160329,0.00606406647147,0.0164419706199,0.036128140422,0.0155655220938,0.017936948412,0.0133098530005,0.0380335484108,0.0331607580642,0.0184197596661,0.0289900437453,0.00970918555589,0.0646621511459,0.0153334330099,0.041083053725,0.0541503233358,0.0214921969205,0.0183562770451,0.0244984574163,0.0775358233362,0.0304331332764,0.0140040257082,0.0189862014181,0.0152070386578,0.0607434305369,0.0448465681752,0.0326274484253,0.0194712003349,0.0209600544406,0.032627157201,0.0186885020549,0.0888469251421,0.0290684091756,0.0216278213413,0.027744675605,0.0391312339527,0.0264297013275,0.0221336187265,0.0296051874159,0.0250731749155,0.0217968722935,0.0300889590007,0.0288252498584,0.0897558993013,0.0188106916881,0.0128030267343,0.0206911300602,0.0188320202036,0.0251769490865,0.0266004285957,0.0183232988647,0.033594115392,0.0270991209645,0.0348913266157,0.0247668183445,0.0344669793072,0.0454789738853,0.0476154772017,0.064361279135,0.0683161817032,0.0456148616581,0.0564076576231,0.904838073789
0.0123557216548,0.0,0.0,0.0151030657212,0.0,0.0,0.0109885961179,0.0,0.0103531457649,0.0,0.0,0.00693469540521,0.0,0.00941115018432,0.0,0.00531665266,0.00895337467915,0.0,0.0117765830598,0.00643458664444,0.0137899429818,0.0,0.0265080974489,0.0361454401201,0.0206070781571,0.00366777486642,0.00789140417052,0.011869678135,0.00421468524797,0.0245581245003,0.0512530478631,0.0117852686167,0.0132755007014,0.0120295721084,0.0793570939532,0.0179090573795,0.0141491815596,0.0135402053946,0.0255105982443,0.0601538966197,0.0114312606046,0.00694564002947,0.0202651481634,0.00495766298891,0.00487911609884,0.0142663918703,0.0580234386559,0.0351907540244,0.0208707717778,0.00979197956939,0.0110759316599,0.0499081429619,0.0349426962925,0.0181216060511,0.0182028995753,0.0147455379853,0.00718874031821,0.0132310783402,0.0561104530818,0.0282074997724,0.00995234224355,0.00534447383181,0.0110743805038,0.0122868414455,0.00839645105612,0.0221855638086,0.00622116872948,0.010645466306,0.0116984839593,0.0172545454922,0.0627028387832,0.0112671839325,0.00632621378532,0.00608556023778,0.00902497049937,0.00827559980076,0.00661978471887,0.0117852796668,0.0105740950678,0.00884594536571,0.0195260414592,0.0155560818314,0.0207500714399,0.0299624552751,0.00354019675315,0.0112951862054,0.0320768079967,0.0160128061913,0.054223167679,0.554974646661
0.0131477805135,0.0,0.0,0.0131885975288,0.0,0.0,0.0125511943125,0.0,0.0112154801721,0.0,0.0,0.0146850169847,0.0,0.0041865168773,0.0,0.015616465307,0.0130577440254,0.0,0.00818644325873,0.0473036964647,0.0722096208685,0.0,0.0138091257459,0.0272153448731,0.0167134184962,0.0319454929545,0.0272129438714,0.0278710167455,0.0229466233494,0.020869025114,0.0363397143672,0.0369145079517,0.0548426345853,0.010644716798,0.0769628936608,0.0468818157925,0.0376492841572,0.00824907615019,0.0350283481704,0.0781190910765,0.0387597247871,0.0662968439225,0.0432713971119,0.0486481954522,0.0331898517979,0.0279912879675,0.087300802954,0.0201463161855,0.0194099418155,0.012582037167,0.0126968788208,0.0318814373677,0.00947001305429,0.0152256927222,0.0137699651531,0.0173324923546,0.0371518646552,0.0168589495871,0.0405710261718,0.013436865686,0.0080928869098,0.00985707408707,0.011726588715,0.00835117059783,0.00950391156033,0.00711884298723,0.00957783397784,0.0114679232085,0.0664512918331,0.0161991581822,0.034317749699,0.00696610115948,0.00531750230054,0.0059545183977,0.00246720687356,0.00391845751895,0.00780084819875,0.0087642883489,0.013858900768,0.0169718828377,0.0325417230695,0.0172442752672,0.0158306234447,0.0267331004959,0.0189743673048,0.0236039492902,0.0441867893043,0.0439786769956,0.0187321797154,0.398654867126
0.00815146412426,0.0,0.0,0.00561836242889,0.0,0.0,0.000363345446291,0.0,0.00210497158295,0.0,0.0,0.00146287464017,0.0,0.00171592311962,0.0,0.0119561416358,0.0066949128098,0.0,0.00753302435621,0.0519201129569,0.0621793630905,0.0,0.0419101172683,0.0388352182913,0.0202917402806,0.0347674163115,0.0279476936596,0.0257295045944,0.0229151525437,0.0364330680301,0.0625987816019,0.0288751771555,0.0419305823455,0.0151461553188,0.0715352958702,0.038415056755,0.0245454047663,0.0220667499272,0.0163392651495,0.0516134911279,0.00587369316187,0.041998571234,0.0767571598452,0.0417824312532,0.0391119388479,0.0302353826776,0.0753064585755,0.0190360074865,0.0207552993163,0.0197882683958,0.0132307386468,0.0414678945081,0.0381487532019,0.0117927963264,0.0127205318261,0.0214319780366,0.0489503766007,0.0205129141792,0.0390096422877,0.0237750217904,0.0198939868505,0.0172733342889,0.0112447760475,0.0185454260317,0.0169403362761,0.0304426440059,0.0126591696894,0.0196697162596,0.0790195120164,0.0269446548593,0.0359501034955,0.010077484151,0.00433083081231,0.0113431566273,0.00244712611017,0.0082465831954,0.0168164704015,0.0144018424296,0.0217677425973,0.0235740099675,0.039796384188,0.0186195279111,0.0160688227274,0.0355845956306,0.0098606925229,0.0257691819831,0.0473065383709,0.0515398836605,0.0555697712861,0.553741330126
0.0122797522659,0.0,0.0,0.00938832442395,0.0,0.0,0.0106380550016,0.0,0.00700019784303,0.0,0.0,0.00694259592647,0.0,0.00444470976751,0.0,0.00927091717512,0.00331133907969,0.0,0.00645675458534,0.00597850033761,0.0122651519113,0.0,0.0196221389429,0.0529981177029,0.0317072531791,0.00488245415762,0.0107834327596,0.013343935354,0.00728376168682,0.0218259432989,0.0399008044809,0.00499118470821,0.0163435701306,0.00904557196036,0.0796607809923,0.0460436224257,0.0211000522517,0.0188328831571,0.0214269231735,0.0579746585084,0.0154142001295,0.0128521222922,0.027672168519,0.0213329284705,0.01429763307,0.0136712657676,0.0795822938335,0.027697915235,0.0306074061564,0.0119873386137,0.0127617585391,0.0586447545328,0.0607978259287,0.0242648839404,0.0231993941087,0.0318803552555,0.0500962847046,0.0248452035414,0.0528312492288,0.0360017375966,0.0205104810483,0.0229035731377,0.042397566101,0.0366952571593,0.040667419549,0.0263057899435,0.0187817248053,0.0403766557419,0.070221375228,0.0282368828806,0.0282850464901,0.0228516563593,0.0202936399696,0.0369271384683,0.0175461239703,0.0155198081183,0.0265711055748,0.0212389019906,0.031037414876,0.0308700381802,0.0426440092632,0.0276010726059,0.0254095900681,0.057341346496,0.0595235268222,0.0592784395304,0.0750967344018,0.0740160975257,0.0606434167278,1.01439870551
0.00605072201982,0.0,0.0,0.00866880771813,0.0,0.0,0.00931795962707,0.0,0.00893405493767,0.0,0.0,0.00897026023053,0.0,0.00525410167428,0.0,0.00475241514911,0.00585629675011,0.0,0.00619184345723,0.00467407626076,0.00766294350334,0.0,0.0296324381784,0.0348152283774,0.00446312166884,0.00679779697705,0.00692416353905,0.0222780324703,0.0085061439253,0.0213286785761,0.0517010552845,0.0115405424761,0.0246989584998,0.0189154556272,0.044088091267,0.0483405349597,0.0230663228164,0.0104386730014,0.00907368977153,0.0528052072134,0.0269233113485,0.0154957418625,0.05117864173,0.00824113251118,0.0104790395866,0.0212765608417,0.0886917867398,0.0489694492092,0.0298151703062,0.030197046972,0.042014199087,0.0536928409634,0.0572856419177,0.0291649660006,0.0189657764195,0.0297479314835,0.055932293251,0.0212911080023,0.0587062395711,0.0208327349575,0.0280146135755,0.0236335932025,0.0478905289337,0.042241810934,0.0166525227523,0.0312736741573,0.0295768380465,0.0424876235682,0.0637251556134,0.0191527091421,0.02613405136,0.0400599510231,0.0291877009837,0.0200018999166,0.012950547475,0.0204020532346,0.0245430619246,0.0215366896374,0.0237384040245,0.0183948777007,0.0373022794634,0.0259715502743,0.0252722452974,0.0548585375666,0.0516299202451,0.0588526189805,0.0594100800662,0.0496637215842,0.0609017874846,0.808904646076
0.0144224698825,0.0,0.0,0.0230501340237,0.0,0.0,0.00743135054099,0.0,0.0231740438245,0.0,0.0,0.0173586216348,0.0,0.0128965909867,0.0,0.00936655348051,0.0075976290646,0.0,0.02664802131,0.0291056483972,0.0213395198349,0.0,0.0135315833758,0.0176809810797,0.0157867444501,0.00688792495827,0.00637978190338,0.00751179084344,0.00437869374781,0.0118606920566,0.0133644519834,0.029416464168,0.0450570208579,0.00609094088191,0.0196386191741,0.0163032791579,0.0163573880528,0.0236170392747,0.0109147880854,0.0413327485297,0.0199737370501,0.0182975613627,0.04576159926,0.0133153872803,0.0351621128892,0.0223799136584,0.0428442346011,0.029908272728,0.0251082374026,0.0239255676547,0.0302013879423,0.0641269566752,0.0557375152806,0.0312361059299,0.0235711921754,0.0449273257362,0.104783734485,0.0293035792498,0.0353230647806,0.0460281610679,0.0216651756389,0.0191140821512,0.0356034604611,0.0694343815338,0.0257743717684,0.0468706913157,0.0215575028341,0.0319780694234,0.0850383410848,0.050849366189,0.0809521936021,0.0263862967318,0.0552556808095,0.0219137470173,0.0167710847934,0.0556822468564,0.0222468020332,0.0192490571982,0.032993566453,0.0219914323635,0.0328589528191,0.0257935997141,0.0193905402807,0.0406109584452,0.0330540071769,0.0248871965111,0.0452423171224,0.0475098522481,0.0589734747194,0.739312048958
0.0111950124709,0.0,0.0,0.00876321327066,0.0,0.0,0.00430207861033,0.0,0.004848045287,0.0,0.0,0.00610941417667,0.0,0.00935486566522,0.0,0.00873582544934,0.0134060700388,0.0,0.0212002991361,0.000652052647774,0.0426891148532,0.0,0.0227779043669,0.0135639090593,0.00708668367806,0.00339847360364,0.00404884773674,0.0157632753801,0.0141978462794,0.0257574587578,0.0361862224857,0.0134952950648,0.0400965476759,0.00646940893729,0.0266101398788,0.0136940052623,0.00902555589467,0.0022162941313,0.00477649359066,0.0455029131142,0.00806041621945,0.0221115986267,0.0456805618262,0.0183672152675,0.0434623742644,0.0284310666163,0.0717230279127,0.0341033341838,0.0268651743192,0.0182788938641,0.0221606135456,0.0476944045705,0.0352469045046,0.0406234404585,0.0213625224971,0.0310327726905,0.0829609448314,0.0242645679805,0.0322532142808,0.0358664970742,0.0305470746586,0.0426027742064,0.0416172899765,0.0227912472065,0.023848747385,0.0366762588056,0.0133374912546,0.0369787599704,0.080238138979,0.052354032153,0.0269961133634,0.0149005707842,0.0312939939239,0.038907883519,0.0171338604844,0.0244411158987,0.0355452010363,0.026919187118,0.0395703352031,0.0502027948415,0.0584596445005,0.0515281687338,0.0533002578236,0.0935563151447,0.0702257032917,0.043032796202,0.0911618451116,0.0675119971515,0.0800221197387,1.19529625903
0.00252727516983,0.0,0.0,0.00329188506983,0.0,0.0,0.00295986416297,0.0,0.00403311984814,0.0,0.0,0.00296793353006,0.0,0.00301865588307,0.0,0.00210662559255,0.00620560437624,0.0,0.00611041370967,0.0255971082948,0.0384923511953,0.0,0.03437070778,0.00546803061048,0.00909939464574,0.00953572397198,0.0168754604089,0.0154775602631,0.0128805208445,0.019260885207,0.0707597850772,0.0133953691242,0.0258304694554,0.00721913184273,0.0591830576455,0.0165033124286,0.00830243042771,0.0146568917178,0.0256154434041,0.0681728521684,0.0183729891148,0.0213966653176,0.0328180890759,0.029454129386,0.066152610078,0.063924764286,0.0695270761352,0.057522369159,0.0418867978043,0.0270082969911,0.0240400522679,0.0491169929789,0.024682870433,0.0446041196417,0.0257145522528,0.0243675246328,0.0909950786308,0.0262567972735,0.0291601050318,0.0450712057916,0.026916572894,0.0329146325961,0.0292418210897,0.021830266342,0.0227480836311,0.0203530637149,0.0123059015874,0.0368704428491,0.0790431456801,0.0366811747123,0.0233811622567,0.0221305541481,0.0323525473848,0.0474495507421,0.0285857733832,0.0316222943212,0.0362878923128,0.0396743136624,0.0606683610966,0.0405150850729,0.0564944598604,0.0507235408987,0.0587203356577,0.0869580598559,0.0921748727281,0.0619795284285,0.100410194799,0.0863661927691,0.0941133685903,1.30299346884
0.0227690538887,0.0,0.0,0.0165243656134,0.0,0.0,0.0104649192024,0.0,0.0156811085253,0.0,0.0,0.014173872605,0.0,0.00665859438478,0.0,0.0144477803742,0.0151737507354,0.0,0.0111527802046,0.0555093042849,0.0469010629672,0.0,0.0144954331069,0.02337105123,0.018412476839,0.00882680716267,0.0119194878147,0.0277811482089,0.0049469601119,0.00609399436258,0.0863924389126,0.0157247955728,0.0624413658114,0.0268901499283,0.0676744553783,0.0203457571418,0.0312824715983,0.0194506516484,0.0258249852225,0.0729795278517,0.0289595001071,0.0183999143314,0.067078437238,0.0367351505851,0.0453682491679,0.0557277139388,0.0649113806262,0.0581308602854,0.0436372164516,0.0307824356289,0.0130782570653,0.0329908567703,0.0658246388802,0.0591761723617,0.0177379486128,0.0418517112811,0.0728077067433,0.046446361367,0.0327406052806,0.054527614852,0.0546743395061,0.0500685575424,0.0422656941222,0.0332550168021,0.034728003071,0.0199092304758,0.0203682762797,0.0369203117398,0.0533488407692,0.0439507348223,0.0285806222371,0.02577723397,0.0341693876542,0.0531220631339,0.029438469882,0.0325437168787,0.0413301096523,0.033563697645,0.0599690871044,0.0461278828286,0.0418542151055,0.0592811870265,0.0626775927412,0.0886067983129,0.109624342073,0.0654954618349,0.122245021529,0.0869852319502,0.0853966690322,1.29800839084
0.0138728858691,0.0,0.0,0.0083276328365,0.0,0.0,0.0118735046054,0.0,0.00612901162529,0.0,0.0,0.00936509760189,0.0,0.00887420755447,0.0,0.0113545046698,0.00698385028992,0.0,0.0280179357106,0.0227575079687,0.0150436703133,0.0,0.0319511270065,0.0121759587608,0.048859998634,0.00872778076529,0.0226461054114,0.0369787939199,0.0108492474596,0.0339030405504,0.0828079480596,0.03348242113,0.0581289208526,0.018208460523,0.064253837905,0.0297405255627,0.0423945500633,0.0375103578753,0.0277911146674,0.099439353712,0.0268000191123,0.0371827966031,0.065768570865,0.0544404753476,0.0680792530688,0.03361859693,0.0602700845344,0.0436230039067,0.0401045529951,0.0284431963913,0.022866042171,0.042566666897,0.0523177743788,0.0334694949758,0.0497795570655,0.0253870175675,0.0684807598047,0.040999395624,0.0216996316829,0.0601402492366,0.0360642606362,0.0312558919984,0.0373983047382,0.0281285119349,0.0303230045731,0.0224280598836,0.0175282067977,0.0344818010103,0.0630420632167,0.0408655861853,0.0306478310663,0.0294892258767,0.0310299691236,0.0377127922434,0.0293750443345,0.0392190287214,0.0437498049475,0.0408751114949,0.0650275643711,0.0495741501081,0.0565133219931,0.0509975135819,0.0675394285477,0.0766451972664,0.0700794930476,0.0667499401525,0.0993494622236,0.0752751431241,0.0941061237175,1.02096374334
0.0140059465026,0.0,0.0,0.00776397605385,0.0,0.0,0.0070058864358,0.0,0.0107140334139,0.0,0.0,0.00722470586286,0.0,0.0114668511211,0.0,0.0135478221037,0.0162879210976,0.0,0.0191925736512,0.0202760884099,0.0249317479282,0.0,0.0166203304956,0.0198392304428,0.0467739306341,0.00870770752858,0.0217487111337,0.0315047925265,0.017499342689,0.0555563480812,0.102071403721,0.0110025834664,0.0756840892893,0.0423837688657,0.0711969949278,0.0260478781591,0.0254797026535,0.0230977489709,0.0295841563683,0.0759572241415,0.0210878228792,0.0442887567353,0.051874024708,0.0683838650725,0.036594834435,0.0374416124615,0.057263141211,0.0265050357414,0.0243297275837,0.0168206667886,0.0153544734535,0.0518942462733,0.0457186488443,0.0418353998623,0.0123304892678,0.0166210935133,0.0623618567482,0.0112713014578,0.00862477201228,0.0144614995677,0.019050242703,0.0307603029858,0.0223125834981,0.0197917997743,0.0164716512612,0.0194154830345,0.018263873555,0.0221120544796,0.0401602031502,0.0258172688451,0.0188598987142,0.015107976656,0.0222557419797,0.031585417382,0.0220535555455,0.0255231888254,0.0301942058518,0.0247586032925,0.0379515585404,0.0352516094879,0.039132465514,0.0339190704027,0.0422141805983,0.0630741661908,0.0603685607328,0.0411036923188,0.0500192881134,0.0503608706959,0.0627845999414,0.837561614939
0.0202177621945,0.0,0.0,0.0139533732463,0.0,0.0,0.00395051695792,0.0,0.0126930509881,0.0,0.0,0.0180667883427,0.0,0.0185321564632,0.0,0.0105658154682,0.0229256713988,0.0,0.0312016259471,0.0740794200704,0.0799470407929,0.0,0.0198173661297,0.0547670751166,0.0270697995435,0.03047230067,0.0300303823296,0.0376254333868,0.0237447401862,0.0343663714854,0.146660010194,0.0112393905362,0.0582358292995,0.0186079647855,0.0591373398952,0.0287984679924,0.0283207397791,0.0107873691293,0.0179250445347,0.0760150531106,0.0302975978422,0.039400158859,0.0546752808986,0.0696973382829,0.0345130261777,0.0246031896857,0.09358398343,0.0463982370554,0.0363278428153,0.02138603413,0.0338805626931,0.0693207421613,0.0423223542907,0.024805898118,0.0265912554684,0.0316148068194,0.0376211484195,0.0303115260041,0.0264276549124,0.0240851812963,0.0289278167645,0.0197262510714,0.0211718208956,0.0141596830066,0.0160479970455,0.0186962142352,0.0171310730254,0.024247280874,0.0242365878165,0.0296637460092,0.0205502621268,0.0164456994126,0.0101497338828,0.025316621673,0.0192184641087,0.0156271815856,0.0293079532294,0.0277441850428,0.0250717776295,0.0248470157235,0.0338335116587,0.0311545544587,0.0322675637805,0.0332238178561,0.0272299785834,0.0267383822271,0.0320621322278,0.0344206191571,0.0420257654421,0.51620475407
0.0118095882257,0.0,0.0,0.010802249684,0.0,0.0,0.0181152055993,0.0,0.0118018939084,0.0,0.0,0.0116451286394,0.0,0.018786167247,0.0,0.0131080458635,0.0202173203449,0.0,0.0496256529779,0.0390450605948,0.0352940938015,0.0,0.054470194617,0.0350658597983,0.00935561740438,0.0402174229505,0.0429001680945,0.0348732020702,0.0320558814137,0.0261084778191,0.0710276409342,0.0525042994948,0.031088098794,0.0289227363081,0.0477635097002,0.0613069933122,0.0330440742663,0.0130857573098,0.013430838305,0.0575530789188,0.0246897885055,0.0167160065319,0.0470918974314,0.0279347094333,0.0663025536933,0.0388886860533,0.0487297443137,0.0452976445815,0.0386471273181,0.0280579702029,0.03536105692,0.111679071124,0.0390075469258,0.0261073849178,0.0329215627134,0.02978996168,0.0516683344407,0.0245141333655,0.0240300669037,0.0209249756137,0.0187202415698,0.0201296911456,0.021026102018,0.0160641053899,0.0199729199758,0.083072820369,0.0221362745452,0.0202920895152,0.0298141319644,0.0139906427192,0.0116721150493,0.0156063439296,0.0159705055613,0.018380426231,0.0175234595166,0.0143621791515,0.0159754854904,0.0271828778518,0.0192480268516,0.0117801973637,0.0271407390681,0.0174780011805,0.0240131687266,0.0220778062797,0.0266546347054,0.0190410870339,0.0261354954524,0.0358106216067,0.0404010606924,0.474873826019
0.00966303779184,0.0,0.0,0.00387544820237,0.0,0.0,0.00695307987338,0.0,0.00490290649542,0.0,0.0,0.000643124705093,0.0,0.0050807516686,0.0,0.00223370368683,0.00876318853805,0.0,0.0193686738779,0.0256358475275,0.0318774118002,0.0,0.0199624632875,0.0122260559226,0.00737989489902,0.0138067247317,0.0133147602286,0.0129165938439,0.00635290335348,0.00740637584658,0.0587843387401,0.0105255060816,0.0509489780375,0.021031694379,0.0696661712615,0.0241468045194,0.0261214566786,0.0082018430141,0.0244241607763,0.0863664135391,0.0207605704546,0.0181722870241,0.0304129681725,0.0462419447464,0.0543047646198,0.0281610676483,0.060812376013,0.023954068887,0.0228494981096,0.0279116322465,0.0268688381732,0.0551217410869,0.0277889057409,0.0419583033532,0.0211475579466,0.0384905375215,0.0403982339153,0.0320648437382,0.0216442673,0.0293596487888,0.0283840218032,0.0123987935918,0.0179433854922,0.0154376574234,0.019549364038,0.0795262215939,0.0187169756082,0.0210112574587,0.0243918148106,0.0130154251169,0.00854979110423,0.0166234188247,0.0119598725934,0.0157571685469,0.0119032379747,0.0169826076104,0.0221395439285,0.0362811608338,0.0315735415843,0.0240434354012,0.0248037935964,0.0196474943384,0.0250954373677,0.0272529922259,0.0566160840264,0.0308768776447,0.0397744070069,0.0407779152626,0.0443063724684,0.575106982544
0.0020956391672,0.0,0.0,0.00441370770793,0.0,0.0,0.00542181647722,0.0,0.00399046297136,0.0,0.0,0.00718209619089,0.0,0.00202995632731,0.0,0.00271087882,0.00459787703837,0.0,0.00805912143374,0.0238413486254,0.0122683649546,0.0,0.0114372660651,0.0137995186155,0.0103204618448,0.00498466133375,0.00802802549821,0.0170615922089,0.00912300335137,0.0128034773818,0.0247866958344,0.0138410508376,0.0403033659602,0.0179535541138,0.065229278963,0.0207977652564,0.0292435021395,0.0214722584961,0.0384010914743,0.0534343562208,0.00569575100254,0.0488775387894,0.0671948993469,0.0133289046164,0.0264642936415,0.0324041904026,0.0584912086413,0.0316809896987,0.0256393064342,0.0288913044874,0.0223094148765,0.0695066196356,0.034268772468,0.0635977564154,0.0250148248295,0.0396245465021,0.0586337699454,0.0475113013273,0.0212955821112,0.0418745739063,0.0252478429047,0.0221364071134,0.0269880090155,0.0125875687979,0.0353292808234,0.0659170927979,0.0274077094446,0.0193405754995,0.0296742396443,0.0209956261759,0.0185741945376,0.0193360839794,0.0139156745867,0.0325124988653,0.0186285683263,0.0295393483499,0.0309150567414,0.0333897649859,0.0444266263839,0.0343803003057,0.0363972499548,0.0345196653148,0.046360941535,0.0461245672383,0.0758162171018,0.0622867484588,0.0671622414325,0.0661174987617,0.0610740242778,0.83586029766
0.0108943351599,0.0,0.0,0.00598499124354,0.0,0.0,0.00709077141614,0.0,0.00504801171987,0.0,0.0,0.00181831283621,0.0,0.0106688837722,0.0,0.00511171469692,0.00138303538121,0.0,0.00935951118195,0.0584903776002,0.0111787169542,0.0,0.0485067659062,0.0203934885041,0.00896187866938,0.0247590696811,0.029030998709,0.0260468471578,0.0314197045895,0.042635715751,0.0878215961619,0.0180085964688,0.0431312740377,0.0167725635615,0.0728310801358,0.0318082860762,0.0328138388544,0.0244215514632,0.043805464545,0.0667228250527,0.0311097746397,0.0350837259807,0.0441794129692,0.0450431944947,0.0889304938327,0.0339588723556,0.0433933062187,0.0260471873782,0.0115146758895,0.0146186496468,0.0283487456781,0.0463837050964,0.0232597892039,0.0492712147384,0.00718120040971,0.0164272926212,0.0570139268389,0.0133559970857,0.0130604943516,0.0136303324363,0.0100386898983,0.0147398774094,0.00917335864486,0.0125289884283,0.0198435802708,0.0456165434228,0.014372339464,0.00931837631999,0.0127957718959,0.0154009825895,0.00927810218405,0.00607432894408,0.00628742319186,0.00941562681268,0.00858316783926,0.006450746516,0.0106821072063,0.0238057004946,0.0148113512742,0.0148931736173,0.0158071429789,0.0208963071365,0.0178904411748,0.0283595114697,0.0313714254882,0.0224330337489,0.0473518075209,0.0233368457626,0.0159888040166,0.362323776859
0.011051536905,0.0,0.0,0.0191710726126,0.0,0.0,0.0214256666654,0.0,0.00208387485728,0.0,0.0,0.011189084701,0.0,0.0129508639729,0.0,0.0118925450212,0.0100743108473,0.0,0.0121995314005,0.0482357389994,0.0993351896548,0.0,0.0376864167527,0.0141002924442,0.00735020411203,0.0387251069015,0.0229788327367,0.049195858114,0.031491461792,0.046193920243,0.0477263380217,0.0305887266238,0.032568100032,0.0205281067928,0.0377070948526,0.0286435552612,0.0313211737203,0.0439751729551,0.0401676911049,0.0958525158092,0.037026764786,0.0283857592521,0.0510269120101,0.0919255148045,0.0836356729671,0.044809353877,0.0870310461431,0.0406599830001,0.025366767984,0.0182494685324,0.0206868151844,0.0412170759624,0.0390180344178,0.0324308374631,0.0234135173391,0.0126100090711,0.047248512597,0.0212657401306,0.0239293483873,0.0100285779269,0.0108085864736,0.0106203045105,0.0146949628741,0.018370771661,0.0226844136496,0.0442313942418,0.0200663456074,0.0133394948459,0.0102527330459,0.0142567381178,0.018834803525,0.0120886344534,0.0103377868932,0.0128692933856,0.0133394654396,0.0114379582566,0.0122520681197,0.0198468156652,0.0188910139361,0.0185455670736,0.021714048015,0.0201082493204,0.0135234032857,0.0393351126495,0.0277573143701,0.0232311993524,0.0463344790277,0.0369022874407,0.0447959676193,0.579838454113
0.00800298480296,0.0,0.0,0.00329817363377,0.0,0.0,0.00475999420099,0.0,0.00454049848655,0.0,0.0,0.00568845114938,0.0,0.00464337603847,0.0,0.00421717989015,0.0011353217122,0.0,0.00827324931588,0.0110335382327,0.00930511298444,0.0,0.0016086056279,0.00300587762351,0.00668773712729,0.00324680882198,0.00361924855845,0.0103428287817,0.00720876249895,0.01425335964,0.0385552827507,0.00505230134202,0.0309205836768,0.00561352809631,0.0542810511287,0.0167164520363,0.0335288423049,0.0235812374002,0.00918990390122,0.0375916916643,0.0157351480514,0.035254091536,0.0415069193759,0.0124033331545,0.0448071902249,0.0267993848303,0.0693795630499,0.0306601086548,0.018949302234,0.0185905390964,0.0279257433752,0.0705898305666,0.0460330579354,0.0370924764568,0.0297252391213,0.0334449402409,0.0592101218505,0.0318413205926,0.0294439234248,0.0553814019629,0.028962689406,0.0206144545013,0.0196233066136,0.0216861903429,0.0290893265481,0.0275933263989,0.0293845684104,0.020796111397,0.0305133173773,0.0187205334897,0.0194366327159,0.0193797842609,0.0220186117421,0.0161529126571,0.0191226948626,0.0268234071239,0.0352508732778,0.0286550958722,0.044148545568,0.0347117490432,0.0336043589435,0.0328265607036,0.0438318602159,0.0565778348164,0.0652239064346,0.0671626956488,0.0754471763204,0.0513779141119,0.0673462658974,0.836767329996
0.0134740385311,0.0,0.0,0.00902289414242,0.0,0.0,0.0131610387856,0.0,0.00891966751952,0.0,0.0,0.00766042240427,0.0,0.0097881947782,0.0,0.0043141424967,0.0120040357476,0.0,0.00785484728241,0.0362646184189,0.0370981416685,0.0,0.0127548040712,0.00218441310998,0.00375648840393,0.00249151598517,0.00268090537885,0.00797364372059,0.0147659468321,0.0111666906981,0.056998473884,0.0206988296364,0.0237158369377,0.0197195473873,0.0725560633454,0.0183692365134,0.0112892447247,0.00552602041342,0.0160468862477,0.0496468660575,0.0151559488223,0.0152596787093,0.0435055851773,0.0351508848849,0.0727632779848,0.0399410948629,0.0527567537865,0.049201185545,0.0345589705782,0.0159493700631,0.0171855754385,0.0534512773141,0.0352083869179,0.0372132788389,0.025489893307,0.0393544694231,0.0370175743538,0.0255467421845,0.0264982300586,0.0312369401049,0.0188046723151,0.0243379668212,0.0173104267785,0.0223697735859,0.020259829566,0.0241265925373,0.0135126365012,0.0191525784561,0.0174519401714,0.0274037060022,0.0180946743854,0.0156607409456,0.0281625176485,0.0439444330999,0.00915862165237,0.0137454484049,0.0282133057947,0.0182000237181,0.0340521916875,0.0342367702621,0.0369857181067,0.0418280694269,0.0356851770151,0.0702321240917,0.0470292472713,0.0370604581724,0.0765340057361,0.0591128625924,0.0732246976561,1.02143049885
0.016737336697,0.0,0.0,0.012770057381,0.0,0.0,0.00998158715446,0.0,0.00898344373195,0.0,0.0,0.0076966192689,0.0,0.0106384567119,0.0,0.00552034349922,0.011671151657,0.0,0.0146600548148,0.00868680253136,0.0294067076127,0.0,0.0199567803404,0.00419371719532,0.00677329712822,0.00293045128993,0.00577595230354,0.00751582182263,0.00976428119049,0.00721763109032,0.0567630207504,0.0108327166386,0.0224650055974,0.0164779650736,0.0519813809684,0.0250450999793,0.0142345388158,0.00719765798475,0.00899537480878,0.0733112702027,0.0161873929423,0.0163125653325,0.044615427454,0.0276971615073,0.0628195461682,0.026424141806,0.0698092697133,0.0221659339436,0.020498917957,0.0171909656823,0.00454660527502,0.0485324594996,0.0238673862117,0.0342524684377,0.00807807952213,0.0132964019946,0.0714084474999,0.0200814237693,0.0179499137537,0.0199451745178,0.0198416446047,0.0233566218319,0.0154966486188,0.0144726356704,0.00793038205391,0.0102408323797,0.00918003080898,0.0139747384618,0.00925044021258,0.0179587692509,0.0069984074986,0.0054158767846,0.0160315332703,0.0306867957413,0.0116780755213,0.0110491725863,0.0148356201643,0.0121868365292,0.0289844977972,0.0198997391644,0.0162269336778,0.0198215835386,0.0271472367493,0.0309349252729,0.0352434808008,0.0168549627323,0.0468607136645,0.0330540146645,0.0314442983316,0.41992229737
0.00599423664182,0.0,0.0,0.0268141785415,0.0,0.0,0.00872677567685,0.0,0.0224388330919,0.0,0.0,0.0039957448447,0.0,0.00902967047431,0.0,0.00932343014338,0.0113237141337,0.0,0.00714651947652,0.0240273119085,0.0219559931544,0.0,0.00783774063584,0.0132254995608,0.0167248896256,0.00577729816656,0.0355250193004,0.0405137130187,0.00499925489176,0.00917658802005,0.0254184640833,0.0167372844333,0.0247296184923,0.00859300931772,0.0106832366137,0.0155062761778,0.0312412778156,0.0344295787833,0.0322373219785,0.0482297353245,0.0314282484849,0.0290641532483,0.0294028185272,0.0383052819596,0.0439197919368,0.0296528792472,0.101468889668,0.0598250255039,0.0361978767264,0.0321780705863,0.0590163848631,0.051265158404,0.0462366706641,0.0468195305817,0.0459344071765,0.069966500181,0.0493466918768,0.0350922998304,0.0994767146697,0.03416681959,0.0183273681144,0.0504407924743,0.0505294444686,0.0274590369272,0.0293202517285,0.0758813086768,0.0555026417285,0.0575907736046,0.0399085452019,0.056038597756,0.0875323805741,0.0514826997543,0.0378666620124,0.0333444863299,0.0647264249896,0.0193757905552,0.0337786496374,0.0204788140206,0.0329949841785,0.0297553279305,0.0357975109713,0.0290927911252,0.0400699280454,0.057256392859,0.0372110234479,0.035658769913,0.0677945035651,0.0553154868442,0.070274058601,0.789412757998
0.0117210609083,0.0,0.0,0.0102488040379,0.0,0.0,0.00733978174357,0.0,0.00373843150847,0.0,0.0,0.0080397807907,0.0,0.034921094786,0.0,0.0538125175111,0.0366754596844,0.0,0.0104744279963,0.00434462552783,0.0136412997189,0.0,0.00863419369355,0.00438004854757,0.0139266271332,0.00826471278882,0.0218055152633,0.0469253144708,0.00182584966882,0.00725189848607,0.00850389503301,0.00967488437821,0.0106311799821,0.00688469507095,0.0317583132446,0.0217156993724,0.00984693748401,0.0221112064658,0.0244922196123,0.0244918825607,0.00462609216795,0.0464900526743,0.0228760961236,0.0296516741125,0.0270825099268,0.061079670034,0.0950968782987,0.0415112595466,0.045371126892,0.022908572392,0.0393377641487,0.0298775099304,0.044800454898,0.0421248365695,0.0251290489197,0.0663030979933,0.0269438374079,0.0279348194247,0.0703462122132,0.0427903378145,0.0262270622091,0.0233399165885,0.0208752682492,0.0188444448996,0.0251685025225,0.0304183470369,0.0220166462092,0.0246562289994,0.0278655903845,0.0401236197834,0.0900452617084,0.0281650244678,0.0198591236155,0.030213655844,0.0281440745919,0.0337566366328,0.033923999479,0.026598147807,0.0282390143393,0.03496215162,0.0481874356944,0.0293203057475,0.0471092812603,0.0690484593071,0.0602444690552,0.0428604523639,0.0732142187741,0.0544911304037,0.0801821131028,1.06897405312
0.00372497073946,0.0,0.0,0.0102193914594,0.0,0.0,0.0111311827484,0.0,0.00386871595164,0.0,0.0,0.00475846251306,0.0,0.027218485447,0.0,0.0512034882685,0.043788173411,0.0,0.0121551534385,0.0164730482124,0.0119876039312,0.0,0.0263109352205,0.0246140271804,0.0117528568279,0.0207425106672,0.0403630290731,0.0766638290448,0.016059766236,0.0305617561304,0.0419939891795,0.0207110504874,0.0518861603163,0.0176948335956,0.0623205754455,0.0185137176119,0.0292088929992,0.0391214997738,0.0701281676326,0.0986997117605,0.0180640808621,0.0275415973595,0.026671469268,0.0712239184365,0.0279997835648,0.0184662792506,0.0641049646051,0.0288930083053,0.0226762668416,0.0190964938193,0.0393928158514,0.0177006333397,0.0275292385072,0.0167550199874,0.0143902045566,0.0323813436424,0.0114971077012,0.0203737224282,0.0604647535425,0.0242586021497,0.0137868242456,0.0164504088883,0.0159639470687,0.0161616551687,0.00846831716678,0.0113707409945,0.0132964761458,0.0137006094353,0.0210717365419,0.0235946846839,0.0771809142202,0.0235746251067,0.0106355163083,0.0146234563675,0.0116490637901,0.0202255288165,0.0153815706443,0.0131595638705,0.0101552248966,0.0156300267458,0.01910507937,0.020644063654,0.0344019029514,0.0211154064207,0.0176604499283,0.0281478109836,0.0310050446323,0.0275957483286,0.0407969820855,0.529095787261
0.0188826392834,0.0,0.0,0.0191189394368,0.0,0.0,0.00958164473101,0.0,0.0102675140597,0.0,0.0,0.00788958034282,0.0,0.0055802697395,0.0,0.0313804000628,0.0119980918042,0.0,0.00941758443604,0.00219072853732,0.005531864262,0.0,0.00672265743346,0.00233748875582,0.0035235545056,0.0102590207812,0.00781780358511,0.0522303135579,0.0111111563888,0.0041169888465,0.0210023310163,0.0118993017687,0.0102407940674,0.0218146507035,0.0640371369502,0.0332584373324,0.0182786997537,0.0160302967528,0.0491423801561,0.0539954168413,0.00184244456185,0.0101055019944,0.0308335870227,0.0530038195424,0.0268177500772,0.0352380119059,0.122380208346,0.0408062949703,0.023767502629,0.0179450774547,0.0363171630966,0.0301867219229,0.0444552933429,0.0387667139035,0.0183938094961,0.0493321831792,0.0167756841222,0.0224676170148,0.0443818997195,0.0318950679903,0.0314137217434,0.0256674357987,0.0239360881049,0.0247190887723,0.0239009661722,0.0244448162838,0.0151161223149,0.0253146004149,0.017391304218,0.0295859874506,0.0613075505229,0.0231269373021,0.0206879238516,0.0274098794893,0.020193969893,0.0159476523153,0.0308368950168,0.0229484916431,0.0293806460005,0.0304075522173,0.0317262266616,0.0216030287879,0.042167456553,0.0855805345382,0.0591901221415,0.0348182864845,0.0698917977838,0.0368822733602,0.0624242511637,1.01508945143
0.00909190479023,0.0,0.0,0.00449100391052,0.0,0.0,0.00397386682597,0.0,0.0064785006167,0.0,0.0,0.0105294736286,0.0,0.0214591779703,0.0,0.0196323657281,0.00964029711187,0.0,0.00800947159169,0.00323369091454,0.00701636838649,0.0,0.000838207159661,0.0029718569761,0.00564120904077,0.00771936976572,0.0267777367826,0.0533270343793,0.0100532601494,0.00993536880021,0.00494541369115,0.00279295088599,0.0128345223035,0.00505579261346,0.0726915089041,0.0176199831404,0.0151910884131,0.0173135068051,0.0607718600455,0.0622613450477,0.0100987574163,0.00890344305754,0.0207819790326,0.0771930136491,0.0264599388255,0.0212503125953,0.0540134213158,0.0245414306518,0.0151748265454,0.019416487782,0.0321681842504,0.0271543193606,0.0195013684249,0.0128757960465,0.0183465310626,0.0611181250196,0.0223344499328,0.0180491993071,0.0603366638199,0.0187955536557,0.0133196921385,0.01355045979,0.00914951789929,0.0101986661199,0.00980417008316,0.016638389815,0.0112023912466,0.0114408857825,0.0141401727002,0.0202162295398,0.0447022434389,0.0173548883946,0.0130400791645,0.00869459835309,0.0166044209406,0.00749661604005,0.0140817185315,0.0164540746032,0.0251721764275,0.0164736878172,0.0278331693372,0.0239535812991,0.0249102951174,0.0492010405416,0.0228260932241,0.0197292649464,0.0428305778124,0.024786876267,0.0504024719827,0.657881201631
0.0128505673923,0.0,0.0,0.00860193863434,0.0,0.0,0.0039317477804,0.0,0.00507981261497,0.0,0.0,0.0100183822064,0.0,0.00536238243984,0.0,0.0253178745956,0.0146994402307,0.0,0.00543681329152,0.00398970189184,0.00972669378369,0.0,0.00186937505545,0.00426928377927,0.00719472662977,0.00309859636361,0.0100980110637,0.0398076980967,0.0118268934362,0.00311085523549,0.00381326301233,0.000770387522615,0.0201030712068,0.014692170083,0.0607095935702,0.0100176974845,0.0150763463437,0.0265339483346,0.031176571202,0.0443563109197,0.00636854238117,0.00824304355149,0.015967955251,0.0511634079987,0.0173363913505,0.0093101951872,0.0844041614509,0.0235670202138,0.0164787595779,0.0139035214502,0.0396152029852,0.0179184473296,0.0214263932612,0.0168943540794,0.0183968184045,0.0515074829165,0.0124800989258,0.0222912714121,0.0811425653347,0.0179581707136,0.0110903768476,0.00963175335824,0.00869129095582,0.0097100850887,0.00927334758084,0.0142121391737,0.0117938090429,0.00993491541123,0.00930443507083,0.0138426876617,0.0326969110329,0.00684947996074,0.00421672849734,0.00655292398617,0.00707496952404,0.00605440960501,0.00561762236823,0.00729612928423,0.00929320263426,0.00731857447253,0.0109329096998,0.014094754188,0.0110799039411,0.0294139334054,0.00778887361917,0.0180566445855,0.0443559594263,0.0245422737189,0.0533055036672,0.469215887978
0.0166638393647,0.0,0.0,0.0128480872744,0.0,0.0,0.00976980381621,0.0,0.0140497657797,0.0,0.0,0.0163139759879,0.0,0.0336751409155,0.0,0.0136078451555,0.0355874641794,0.0,0.00646205830814,0.00323190038753,0.00368713321838,0.0,0.0017519657713,0.00307922332946,0.00561180197249,0.00475495930676,0.0340620194031,0.0781515858655,0.00647469477454,0.00969755725235,0.00772309369659,0.00614372006352,0.0123069178832,0.0112632409245,0.0549729568181,0.0153548236283,0.0114588591373,0.018592608907,0.0724249919474,0.0626373894672,0.0163316500054,0.0245877553313,0.0403337718577,0.0588612585234,0.0184737447299,0.0108526588452,0.0987249137407,0.0358953788972,0.0148564499355,0.0173866255624,0.0438208581215,0.0285476360999,0.0392912005129,0.0346964693337,0.022886610271,0.0599566373425,0.0202550188645,0.036239380017,0.0562625343812,0.0120866656297,0.0294469106916,0.0296104220765,0.0122899474826,0.0132355354669,0.0204160808774,0.030011580145,0.0145354712194,0.0194057687053,0.0267968491297,0.0307189885658,0.0288670603033,0.0104301003009,0.0200716503196,0.0295904501795,0.0168196868173,0.0232838712661,0.0276600227414,0.0299762133531,0.0344169904091,0.0233325483922,0.0456851015677,0.0330486722228,0.0422769684444,0.0771622188555,0.0721286471623,0.0430452763409,0.063927905344,0.0568408091157,0.0842169310104,1.01625286207
0.0176304181843,0.0,0.0,0.0146277260044,0.0,0.0,0.014119812731,0.0,0.0131079279024,0.0,0.0,0.0105639838601,0.0,0.0285968584227,0.0,0.0355988509411,0.0259715131696,0.0,0.00623656671491,0.00361408757585,0.00188899754743,0.0,0.00237356339815,0.00340756906745,0.00900901560149,0.00396282124484,0.0079363133305,0.0795237277319,0.0152788840525,0.0120822893761,0.00421376567308,0.00422235177284,0.0165181965715,0.0109834924402,0.0280121161748,0.0245673676505,0.0187698721017,0.0190380975978,0.0147259582607,0.032337989693,0.0100415129251,0.0161664974858,0.0242556931622,0.0476479103101,0.0111384527472,0.0167430593617,0.0855422433503,0.0208615611962,0.00592612599978,0.0125805117586,0.043836605012,0.0186966035523,0.0206117636451,0.0114608633078,0.00890534074149,0.0411800112496,0.0121760602161,0.0118582169323,0.0504311434893,0.0151397607295,0.00499580552421,0.00698592126048,0.00771293691738,0.00720059040843,0.00826503990265,0.0170558465255,0.00610992547329,0.00855412294263,0.00683098710143,0.0090515031042,0.0236446361661,0.0111024993745,0.00253175368851,0.00484607217526,0.00829003403257,0.00934029931501,0.0109502218225,0.0109466985621,0.00994470935142,0.0110236771784,0.0196248154653,0.0157442149788,0.00926638144506,0.0429327631411,0.018003949001,0.0147840394989,0.0324523857049,0.0183314795505,0.0298098395568,0.429070448487
0.003873788525,0.0,0.0,0.00729438697096,0.0,0.0,0.00424372192123,0.0,0.00339669921814,0.0,0.0,0.00594148907616,0.0,0.00537970212432,0.0,0.0199012145871,0.0022097474743,0.0,0.0214902754789,0.0226445254914,0.0249168065171,0.0,0.0211436936774,0.0219816709662,0.0233621387332,0.0280599871928,0.0222105413646,0.0425575298668,0.0284504395926,0.0318213055009,0.0493277561681,0.0197121145977,0.035102820478,0.0208876386081,0.0941444857781,0.0294747940923,0.0264554364136,0.0200321876117,0.0795314235018,0.0636338220141,0.0201437478223,0.0203909092442,0.0310278608965,0.0754730886506,0.0211517365701,0.0204711981784,0.0502439458255,0.0375941099816,0.0296557748983,0.0136123123183,0.0342921496048,0.0221800097752,0.0329904762562,0.0238697939658,0.00950387752471,0.0432681806306,0.0124207636978,0.0156667505856,0.0429521168876,0.0185807590719,0.0149303279956,0.00787633996319,0.00548973456344,0.00851029550138,0.00730322891191,0.0106013069905,0.013821065341,0.0240976239285,0.0170413636177,0.0191845354744,0.025707160272,0.0241055096961,0.00912419204166,0.010280455604,0.00622165115572,0.0270764427691,0.0353728495621,0.0134680595099,0.0282540645873,0.0195492101063,0.0257669771566,0.0192277940368,0.0159029424472,0.0173058564913,0.0220092421403,0.0267579075755,0.0222617986504,0.0232104401514,0.0310391669736,0.341976567314
0.00698504254267,0.0,0.0,0.00811911437704,0.0,0.0,0.00574537519391,0.0,0.00728155354353,0.0,0.0,0.0135511069736,0.0,0.0235523623017,0.0,0.0120222360066,0.0233584660392,0.0,0.0228590536177,0.026325458039,0.0181775379101,0.0,0.0222919147609,0.0230065703931,0.0231245990299,0.030157425683,0.0174361462661,0.0759852580898,0.0177524278312,0.0215510888796,0.0584122759125,0.0196324604162,0.0339460145264,0.0118542719424,0.0708931485293,0.0306870361462,0.0370030630549,0.0335305187645,0.0602476992653,0.0411768897414,0.0252667468661,0.0272096301758,0.0526399885656,0.0412485412348,0.0250174617411,0.0364392642157,0.0637794777796,0.0449570093543,0.042589877589,0.0215740720207,0.0444312235905,0.0418067073895,0.0337547698503,0.0137042695719,0.0109727293622,0.058112519053,0.0156338354976,0.0192830667369,0.0629422370451,0.0190158878275,0.0155472940693,0.0118707349491,0.0098711161943,0.0107117082787,0.00968682509321,0.0169391830769,0.0119021327165,0.0206341625172,0.0137459494727,0.0136842350552,0.0318966227825,0.0135677342762,0.00858139555851,0.0149717736022,0.00890121043055,0.0227982103948,0.032418380493,0.0134930513205,0.0285438462929,0.017641538938,0.0260520401626,0.0244983769884,0.0241830480806,0.0132849456268,0.0189873207301,0.0296610626188,0.0244070527891,0.0239516135729,0.0428413484085,0.3463263897
0.00780652498994,0.0,0.0,0.00664323430162,0.0,0.0,0.00266256725742,0.0,0.00657905999318,0.0,0.0,0.00694086759664,0.0,0.0267425040334,0.0,0.0357622680664,0.00960039657388,0.0,0.0084656444935,0.00988767689456,0.00304641275627,0.0,0.0032953462865,0.00294583220407,0.00443607675697,0.0109875312737,0.0261734934229,0.0551935136538,0.00395616834245,0.00118010208232,0.00751862361613,0.00294792680556,0.0200320329083,0.00627070584491,0.0428503342331,0.0231788348032,0.0185710338962,0.00835573188862,0.0496355149533,0.0567223242721,0.0193175581508,0.0245824257926,0.0187600683901,0.0669234055517,0.0341830650026,0.0321699493577,0.0900548054502,0.0197824640684,0.0123396636008,0.0183182592243,0.0459220454208,0.0142236108636,0.0118699192655,0.0182313098745,0.0178136953876,0.0465020822322,0.0190967529358,0.0117161751963,0.053701726045,0.0290448732261,0.0352361839333,0.0302039911314,0.0131382656201,0.0142814028648,0.0231445756844,0.0176554325379,0.0118010159556,0.0144506165878,0.021159521109,0.0150144138443,0.0113904091985,0.0099895574777,0.0112031843614,0.0108124859098,0.0143345508712,0.0142381382473,0.0196923869512,0.0136183873941,0.0149790938016,0.0283488265595,0.0294488432311,0.0187524145334,0.0234762291902,0.0505586487384,0.0467020833091,0.0319941973623,0.0477675674888,0.0333578546633,0.0378684997912,0.750028265159
0.0155460083446,0.0,0.0,0.0180450516126,0.0,0.0,0.0135231105287,0.0,0.0052096484874,0.0,0.0,0.0111095503046,0.0,0.0202670579548,0.0,0.0203503981954,0.0148309483659,0.0,0.00724773634706,0.00283574512581,0.00412022404824,0.0,0.00152428803662,0.0016311240987,0.00162940988959,0.00178147444251,0.00699102533821,0.0284480452403,0.00472264579312,0.00616323787156,0.00525966571082,0.00200552508708,0.0082605050685,0.00885699709798,0.0389107775307,0.0406840548165,0.017785179556,0.0157038048431,0.0415120348324,0.0904080094018,0.0139019654401,0.0444455820288,0.0333933982082,0.0583734071964,0.046852047895,0.0368478267379,0.14777479699,0.0541799580894,0.0405247533224,0.0243352770697,0.0591898426642,0.031522313904,0.0422534873382,0.0322593449705,0.0310040611823,0.08179858429,0.0337643828911,0.0444830833991,0.0568839475288,0.0375016828645,0.0409329897409,0.0383209073962,0.0178576929145,0.0240182104655,0.0181924779385,0.0246733849902,0.0152261780375,0.0274121548718,0.025848619299,0.0314943376348,0.0248438670152,0.0224283488716,0.0213576400178,0.0301221003421,0.0282391398357,0.0298656442389,0.03792263824,0.0289776471607,0.0445249971624,0.0356684278088,0.0491630539518,0.0434417636851,0.0454566242413,0.0667050108386,0.0703890319016,0.0477272256225,0.0840866977473,0.0586122872015,0.075302352807,1.15302798464
0.00657503423751,0.0,0.0,0.00420412273073,0.0,0.0,0.00770560214661,0.0,0.00619111380956,0.0,0.0,0.00400684151351,0.0,0.014066577627,0.0,0.00904792037283,0.0130051790778,0.0,0.0437695595199,0.0531048657541,0.0236316470632,0.0,0.00208769664053,0.00348411264918,0.0110186790141,0.0176632156259,0.0198445150752,0.0197661515743,0.0187133178085,0.0136123796535,0.050748846157,0.0204648289002,0.0379997310274,0.0101067430106,0.0388193604297,0.0296203548764,0.0271074261408,0.028080319494,0.0512171214934,0.0302023066038,0.0221943057094,0.0343480660471,0.0532704363948,0.0451057756265,0.0282010641579,0.0349881122534,0.0798269471734,0.0424188364796,0.0301269171316,0.0158528935045,0.0404507925241,0.0385423664362,0.0294602457018,0.0137552023929,0.0101658673304,0.0510286218675,0.0149791839954,0.0217148071685,0.0578273512118,0.0258204464096,0.00749383428369,0.0111656912003,0.0142601352725,0.0130480943108,0.0127648931005,0.0173064980405,0.00981191499281,0.0167049965383,0.0201146048108,0.0206675916417,0.0290095073996,0.0194271369103,0.0126131349357,0.0122564669409,0.0127337277154,0.0247952984506,0.0295467673469,0.0170197322252,0.0307846051054,0.0245288395209,0.0222060086901,0.0250693766985,0.0234589192455,0.0326459994679,0.0162041249701,0.0273075093605,0.0340211318621,0.0219462225244,0.0417141153199,0.425763214744
0.0104971686551,0.0,0.0,0.0105173567084,0.0,0.0,0.0174667729859,0.0,0.00295255218537,0.0,0.0,0.0123287750218,0.0,0.021867893637,0.0,0.040229671562,0.0121933396377,0.0,0.0425499965444,0.0424419563609,0.0307299932093,0.0,0.0143209128177,0.00631882876755,0.0154005470021,0.0278896147935,0.0461560940166,0.132148384927,0.0106461169885,0.0281839557163,0.0477090328833,0.0114899943918,0.0430072816787,0.0180940493074,0.0749288503459,0.0277913228784,0.0256599049769,0.0262992189033,0.0577824919354,0.0574321446138,0.0215561537916,0.0391931556998,0.0332260357834,0.0452881617885,0.0341215197667,0.0356880557015,0.0537272434778,0.0411840280224,0.030255377783,0.0250659939558,0.0527167835431,0.0307030899717,0.0259660209724,0.00840436701628,0.0129838904528,0.0603432808336,0.0206328754032,0.0223398822035,0.0460889946308,0.0162264788635,0.0128590251989,0.0134592991033,0.014323831434,0.0124614553836,0.0101959957314,0.013998464795,0.0117782907305,0.0130373281083,0.0170057375537,0.0139221213131,0.021631576515,0.0178202675502,0.0141197523761,0.0134657368178,0.0148878828708,0.0259653879779,0.0271631515341,0.0187888172216,0.0275389978415,0.0170861398427,0.021362154752,0.0200070223766,0.0210067702971,0.0216774521924,0.0145019238234,0.0249179880396,0.0302502521538,0.025726539324,0.0347410733396,0.429223759653
0.0144738657642,0.0,0.0,0.0130453898199,0.0,0.0,0.0138834952499,0.0,0.011403831261,0.0,0.0,0.00957004716459,0.0,0.0100968786568,0.0,0.00757347640507,0.0190973393097,0.0,0.0135089357732,0.00984554429182,0.0110727861899,0.0,0.00435993935995,0.0042782138986,0.00427979534286,0.00454864539424,0.0160808512845,0.0590106608802,0.0103338224026,0.0110059127499,0.018146734949,0.0116056937726,0.0184178255379,0.0120159920196,0.0593023721148,0.0414329599861,0.0139730743445,0.0134821027855,0.041023399777,0.0477118739357,0.00986077339352,0.00962013706644,0.0216856758135,0.0542696771612,0.0136761292999,0.0128622401524,0.0473133037407,0.0115922253267,0.00981705058832,0.00970478880073,0.0423898833126,0.022355993846,0.0320636712219,0.0193947889017,0.0170902164323,0.0511611931018,0.0147033794229,0.021073028089,0.0602701605332,0.0111254194691,0.006834870573,0.0081060670617,0.0131380442399,0.00921325230767,0.00687710236127,0.0190607857054,0.00817754403646,0.00768619583342,0.0069053087276,0.0105687518605,0.0166449830335,0.0113706827282,0.00889898820556,0.00771153758954,0.00882014472457,0.00786236939652,0.00590512543993,0.00965719863958,0.00780093506238,0.00739410318917,0.0138620862497,0.0166597780125,0.00748163297291,0.0367452731361,0.0101980020215,0.0151885327018,0.0381750936252,0.0272349896166,0.0510056994468,0.496345909608
0.00606497667691,0.0,0.0,0.0193698086285,0.0,0.0,0.0108003571474,0.0,0.0303664315768,0.0,0.0,0.015495302667,0.0,0.017637461055,0.0,0.00193516024617,0.0250341942142,0.0,0.0272847359666,0.01542007794,0.0151715448196,0.0,0.0204439957929,0.0111435398643,0.0122192312283,0.0124191556625,0.0158372575546,0.0588934720114,0.00503949988394,0.0262701188824,0.0113660357107,0.00448709811857,0.0233152255624,0.0216651514873,0.0739047439006,0.033632176544,0.0366643915414,0.0315464321951,0.0419347005555,0.0371357298469,0.0181117713292,0.0409054593516,0.0761480770764,0.049138716422,0.0288544189396,0.0329088647031,0.0636403238992,0.0845498077951,0.0487745059868,0.0238970694438,0.0659132646137,0.0630239494148,0.067203350641,0.0318417297461,0.0170761454455,0.0524084408685,0.0421076527838,0.0243612946334,0.0544696799302,0.0435265794886,0.0260137959192,0.0277685468517,0.0345388972706,0.0540745144291,0.0317338291744,0.0434722853323,0.0278458466597,0.0407805921359,0.0381283798581,0.0245906230565,0.100193589367,0.0169657750034,0.0168999793445,0.0250106771398,0.0505727840042,0.0261075177972,0.0271762975745,0.0232886237991,0.0279147480829,0.014127516094,0.0320335736926,0.0316296587196,0.0345760852928,0.0293092939236,0.0202252324211,0.0286339596251,0.0295879042808,0.0193601662432,0.0288813740161,0.468993354307
0.0359207566785,0.0,0.0,0.00410394053803,0.0,0.0,0.000815248308288,0.0,0.00549454480568,0.0,0.0,0.0234861555257,0.0,0.00917839952608,0.0,0.00432317782656,0.00385642329104,0.0,0.00883322754706,0.0189133811705,0.00464924624782,0.0,0.0148347204674,0.00154919359451,0.0230747230987,0.0108698570367,0.0101908670926,0.0281980773352,0.00366224203334,0.018241337704,0.0845482894332,0.0050577623059,0.013586203963,0.0144978431239,0.0718025884047,0.0234714399665,0.0188283314428,0.00298783553418,0.0320894586006,0.0517306291055,0.019101320298,0.0239419314794,0.0302884541443,0.0153575621093,0.0295432738442,0.0315191335303,0.0786255582094,0.0169404673696,0.0140032967678,0.0139311702755,0.0272481686187,0.0578874748909,0.0403708359039,0.0154478518064,0.0175229984851,0.0272281390338,0.0119579923136,0.0176560513266,0.0591790030998,0.0196482835421,0.00897966361396,0.0094158069895,0.0119115632175,0.0193822954011,0.0177692543713,0.0311087385544,0.0132436436323,0.0148892388087,0.0132037240078,0.0224601008459,0.0794264798635,0.0177609838767,0.00895016654997,0.0143475311269,0.0154618962076,0.0137474393523,0.0171241461685,0.0132682200115,0.018729003861,0.0159953933515,0.0232081416891,0.0213168900641,0.0320820892628,0.0372730833563,0.00771810757248,0.0195695535737,0.0362422681685,0.0171000384589,0.0371763017162,0.447707542514
0.00827009394262,0.0,0.0,0.007427436917,0.0,0.0,0.00298489505037,0.0,0.00393759745591,0.0,0.0,0.00271635193279,0.0,0.00259135457039,0.0,0.00429602748589,0.00332254279248,0.0,0.00138309904948,0.00507710332123,0.00490112640097,0.0,0.0220469815139,0.0144775650714,0.0157896840744,0.0109571250703,0.00976460911303,0.0157311111808,0.0104961810224,0.00905227399984,0.0940972895559,0.00906068110605,0.00979206618136,0.0155058540332,0.101509605956,0.032958798627,0.0237786575653,0.0282555872713,0.0111211660798,0.0472482385464,0.0193876219126,0.036799418356,0.0550823599106,0.0100499094885,0.0128411231189,0.0247312542351,0.0691593896842,0.025387305652,0.0329731159692,0.0214668937015,0.0365607329397,0.0729237584609,0.0667741601417,0.0209280081796,0.0291952981835,0.0463684958659,0.0226816986809,0.0217725051005,0.0775399859982,0.0338960430251,0.0245137508079,0.0235456413277,0.0244877114476,0.0365891330115,0.0288699680033,0.0307339949943,0.0193128289017,0.0245166008741,0.0274943123258,0.0286272939667,0.0772564169136,0.0331036201956,0.0305894826688,0.0191831698992,0.0275758375369,0.0295278620092,0.0254707082612,0.0247814443877,0.0268284699089,0.024798722375,0.0260321797726,0.0297536550167,0.0323258532086,0.0578674865535,0.0569065251239,0.0592292462963,0.0618985995274,0.0654510173408,0.0641064146929,0.849870389758
0.0424962358332,0.0,0.0,0.0185131961438,0.0,0.0,0.0130520308302,0.0,0.0110892231536,0.0,0.0,0.0231120307302,0.0,0.0201227624588,0.0,0.0138863809366,0.0173261059369,0.0,0.0235923252105,0.0132893010251,0.0104947975967,0.0,0.023365149117,0.0499265350189,0.0302873115763,0.0123576169832,0.00121908354067,0.0270661166586,0.0148669450138,0.00750948758091,0.0415516578809,0.00824133544064,0.0286430770583,0.0172123207517,0.0264920596146,0.0366564894173,0.0303104264046,0.0354673461749,0.086023440921,0.0884130778877,0.0250854140934,0.0567571316159,0.061780309529,0.0350535828166,0.0218555228405,0.0229320701909,0.110360212199,0.0402714250394,0.0321702160897,0.017002727596,0.0231324937472,0.0639245474463,0.0332002371324,0.00713230060918,0.00883910635346,0.0222075526009,0.0190232637614,0.0192086636363,0.0591390183516,0.0291944930153,0.0108736327511,0.0118608249263,0.0112093528226,0.0122582981835,0.0116364036067,0.0150500092693,0.00803193329677,0.0158002771344,0.016240857044,0.0250072016508,0.0618642001599,0.0165118905813,0.00787679689078,0.00986541999391,0.012293058144,0.0144818384149,0.0152615263829,0.0116661106117,0.0142386922772,0.00912016247997,0.0195760049727,0.0182699400921,0.0220260549796,0.0266444870517,0.0153016651588,0.0206439023975,0.0328792954124,0.0146526552735,0.0268260079217,0.390414813294
0.00847290700895,0.0,0.0,0.0157769254989,0.0,0.0,0.00718872510499,0.0,0.0060443103415,0.0,0.0,0.00463102265633,0.0,0.00758055094974,0.0,0.00140307439369,0.0044526529513,0.0,0.00598395194156,0.00687261384018,0.00319324739117,0.0,0.000771313573259,0.0283490992523,0.0511612923353,0.0100549574038,0.00442207523617,0.0106231895541,0.00534185309253,0.0178263445379,0.0528944614343,0.00618401118925,0.00975717342067,0.0194025152968,0.0733077896945,0.0375473460912,0.0158613325932,0.0106966326409,0.0115257706332,0.0493419960376,0.0185595772243,0.0211789977695,0.0344189856335,0.0255081360892,0.0191297433659,0.012510317058,0.0392775323685,0.0236827313133,0.00968431529717,0.014030139466,0.0187370549772,0.0633052245055,0.0403227521847,0.0279350191919,0.0208798794985,0.0131875154443,0.00912823517518,0.0169889910167,0.0716431248188,0.0303444885722,0.0195973256413,0.0145499420086,0.0165763671374,0.0131327615278,0.0111621818299,0.0307035232298,0.0113593693757,0.0247367782745,0.0154607289922,0.0156368431231,0.0504710862513,0.0135086175078,0.0100946259406,0.0130618226974,0.00912494077326,0.022427561685,0.0169902871672,0.0146025275663,0.023381994084,0.0121192333076,0.0314173282879,0.0257140781875,0.0234050916094,0.0404131444669,0.00720921249577,0.01805797984,0.0354948605624,0.0138420157578,0.0404891714589,0.411337622657
0.0154741483054,0.0,0.0,0.00756174551411,0.0,0.0,0.00306907892816,0.0,0.00345424249874,0.0,0.0,0.00835320464952,0.0,0.00172646521451,0.0,0.0052408529051,0.00487517330192,0.0,0.00681592096899,0.00760906089709,0.0153254093382,0.0,0.0456394306195,0.0180916417631,0.00478004516968,0.00605381546326,0.00675310698218,0.013826663761,0.00206449719193,0.0106899080952,0.051443589136,0.00787192376924,0.0117565206966,0.0107646038741,0.0677547558574,0.0436709721443,0.0133826838048,0.0159558806068,0.0257682588775,0.0745641705633,0.0122071234726,0.0198328704959,0.0540740712524,0.043700026705,0.0200231621079,0.0257225870524,0.0610832542071,0.017455766058,0.0247483633599,0.0154702611302,0.0197286608086,0.0604113107647,0.0365587935865,0.0210779042886,0.0202678137343,0.00959736284511,0.0373694672679,0.0355903322683,0.0683021875835,0.0307938738378,0.0163862533972,0.0210195728034,0.0403487179471,0.0225751057723,0.0129882037277,0.0172389078101,0.0309847600152,0.0382035946006,0.03195288921,0.031957369225,0.0447746218316,0.0203526827082,0.0136890900341,0.0134882809896,0.0287385996451,0.0299379040878,0.0237301578956,0.0157196091924,0.0237158782973,0.0212271041641,0.0524377816662,0.039068667556,0.0335843635428,0.0268177030428,0.0177209776404,0.0332390209784,0.0540253394438,0.0244756163242,0.0397520262662,0.582784741545
0.0128297426683,0.0,0.0,0.00878497842532,0.0,0.0,0.00506457027863,0.0,0.00588805502065,0.0,0.0,0.00411593198433,0.0,0.00377865406311,0.0,0.000592200999577,0.00271135205897,0.0,0.00205794552763,0.00199691929246,0.00307356717649,0.0,0.0202881630795,0.0549809628421,0.0151665266827,0.00677936456593,0.00631013626569,0.00660837326729,0.00393778818788,0.016578181858,0.0337836256022,0.0126048266192,0.0175363248553,0.0152508645576,0.048693025886,0.0422654837194,0.0210394442127,0.0154961958051,0.0239397297536,0.0749614562726,0.016873554431,0.028638489238,0.0461637747666,0.048291808479,0.0231138681619,0.0317071232765,0.0860985789072,0.0297208820259,0.0188516806946,0.0133950372917,0.0246910450429,0.0656409166589,0.0450086256722,0.0169131487378,0.016257995683,0.027568252064,0.0300796699711,0.0297816573435,0.0700049652473,0.0271735106097,0.0197767107521,0.0238144811847,0.0212127664902,0.0357776685811,0.0164961719268,0.0185830171891,0.0233816165642,0.0295032583447,0.022845268724,0.0215713783193,0.026239578396,0.0213424613499,0.0259438852249,0.0218175273142,0.0265399879233,0.0216365853171,0.0208574895847,0.0226988559151,0.0297177316938,0.0206427151421,0.0425423499166,0.0322890288137,0.0390357814675,0.0583142029551,0.0418691583045,0.036781165549,0.0533962788597,0.0320400431416,0.0428865979807,0.790400323952
0.0215709578947,0.0,0.0,0.0135735136354,0.0,0.0,0.00824833579579,0.0,0.00819880631948,0.0,0.0,0.00832083661476,0.0,0.00455129385823,0.0,0.0054006337476,0.00512166976594,0.0,0.00691778623222,0.00420312857548,0.00646978103538,0.0,0.0146065473916,0.0202512303415,0.0136299725925,0.00651420306427,0.00437153246665,0.00623920281743,0.00546971092747,0.0101491929118,0.0876954988143,0.00925368021169,0.0185223993733,0.00575563916524,0.0914461890758,0.0648129734307,0.0211317969939,0.0205648822646,0.0111744110743,0.0244853542699,0.0183161621669,0.0200606703636,0.0490566892023,0.043129565058,0.0282527440359,0.0165808537676,0.0918102624019,0.0238055654341,0.0478817058457,0.0342148364355,0.0451378618347,0.0865638471721,0.0399239032054,0.0242030976971,0.0290366999613,0.0267138111472,0.0352765219747,0.0334189982748,0.0555533685109,0.0248360038763,0.0251130724179,0.0159132942012,0.0179246720709,0.0322117155507,0.0192843411599,0.0256758825611,0.0180661790752,0.0446852393254,0.0879103964024,0.0194751595268,0.0334751143152,0.0186583492966,0.0240705869888,0.0124161513415,0.0194756861282,0.0260333553851,0.0313601260571,0.0309281529386,0.0338227844294,0.0290317621086,0.0349017729447,0.0316238924147,0.0322489616777,0.0516560469287,0.0592441283082,0.0536213887734,0.0421707961348,0.0482679008651,0.0502901224257,0.712485801166
0.00700103240988,0.0,0.0,0.0111229430042,0.0,0.0,0.0134791091506,0.0,0.0130110647028,0.0,0.0,0.015064302465,0.0,0.0103074469696,0.0,0.00820199995965,0.00509016535291,0.0,0.00293625101516,0.00562538502316,0.0156501156315,0.0,0.0298816304955,0.0449401890509,0.0375311079134,0.0128486877699,0.000868284594821,0.0142723193824,0.00337918003804,0.00890306267356,0.0376327230206,0.00757839552675,0.0058357056979,0.013213260484,0.0448022486999,0.0439881001883,0.0176015031858,0.0140290353668,0.018975739413,0.105209464108,0.0147521420565,0.0297357046785,0.0675263597822,0.0385607679959,0.00848198987114,0.0315836499852,0.0630188642014,0.0486371742686,0.044541471374,0.0415981362268,0.0441734496716,0.0960023155624,0.0381075973352,0.017175156376,0.0197577166383,0.0128973870277,0.0313298878323,0.017965718766,0.0623192138816,0.017369996077,0.0100561786323,0.0146349775011,0.0122137080644,0.0270727116728,0.0108588126729,0.017759149504,0.0100120426748,0.0170536784893,0.0696611303008,0.0194902735528,0.0135534869914,0.0147362235023,0.0131749610848,0.0136008528816,0.0172642676129,0.0166959164103,0.0197287510396,0.0194041172914,0.0225973007137,0.0189648248799,0.0292068832759,0.0220935774196,0.0223523315213,0.0232981855299,0.0347547276333,0.0303542752365,0.0254076371499,0.0401536084298,0.0299267124721,0.460170973723
0.0132922779061,0.0,0.0,0.00831663260173,0.0,0.0,0.00328295188312,0.0,0.00132988879418,0.0,0.0,0.0140115521062,0.0,0.00950480943127,0.0,0.00786434490459,0.00649772050766,0.0,0.01393743766,0.018204650388,0.0104002212616,0.0,0.0266469969034,0.0390502924899,0.0158183784029,0.00594597658214,0.00494011463352,0.0223079571588,0.00521431756689,0.0168892005516,0.0557739169882,0.00431370911991,0.0086329823742,0.0169106861787,0.0746022054824,0.0439420779982,0.0335372210978,0.0113844647649,0.0288585698542,0.0764094688939,0.0200868020049,0.0281101533365,0.0430601293584,0.0363248292983,0.02941852265,0.0180783372439,0.0471777808935,0.0193696021844,0.0217591755934,0.01542238661,0.0158270636176,0.0703586059355,0.0282212174866,0.0129809453482,0.0179585400484,0.023583167384,0.0477110502082,0.0178140054352,0.0547808492083,0.0180996092738,0.0152393332853,0.010745214145,0.0131668536209,0.017664573623,0.0077100962444,0.0113806296891,0.014734577856,0.0208508754797,0.0812295286568,0.018432964199,0.00790525017682,0.00607326518736,0.00664988381723,0.00890480091172,0.00989505660663,0.0138034809941,0.011496593618,0.0113890764291,0.0119363591996,0.0135622134916,0.0321985477491,0.0141691866454,0.0121795441124,0.0152665390033,0.0146466532321,0.0166138912684,0.0140494172772,0.0355428681889,0.0151680005265,0.233363594199
0.0345485435779,0.0,0.0,0.00953280973549,0.0,0.0,0.00487630478304,0.0,0.0029512172051,0.0,0.0,0.0224385730581,0.0,0.0134024790226,0.0,0.00578640210481,0.00546223309154,0.0,0.0154146153766,0.014828177407,0.00227773535619,0.0,0.0112369826559,0.0169987752614,0.0102095577028,0.0104072230419,0.00102633576444,0.0278954592404,0.00438276405392,0.0132581523904,0.0717034259931,0.0168662999543,0.0223000460197,0.00217991189418,0.0928420966908,0.0715100174297,0.0559742209542,0.0191561229124,0.0509671869456,0.0685515837194,0.0168021548566,0.0622112491651,0.0450419556535,0.0223610179104,0.0350867681428,0.0185181104029,0.0670706740924,0.0314258167265,0.021056163411,0.016376023049,0.0249174052604,0.0760722877401,0.0308924105663,0.0176095397263,0.0222103092483,0.0415258259722,0.0527138308253,0.0352188823925,0.0585186761932,0.0198954020808,0.0214006888109,0.0113901835144,0.0191350198234,0.0222584309266,0.0147928389906,0.0194730113626,0.0201859679929,0.0407116852186,0.0777581741097,0.0256239905048,0.0191956439567,0.0121292182141,0.0130542171593,0.0224293689584,0.018305646191,0.0181854518418,0.0165993580316,0.0227251634764,0.0175917078239,0.0208181177678,0.0310751263431,0.018265691144,0.0172864384581,0.0178994829228,0.0156434159413,0.0161086348328,0.0228887638959,0.0314647362355,0.0141648489479,0.279828709329
0.0232453787773,0.0,0.0,0.0117542149638,0.0,0.0,0.0135474338569,0.0,0.0205357030433,0.0,0.0,0.0206734768444,0.0,0.0185521620455,0.0,0.00405562690383,0.0011248470503,0.0,0.00190001768993,0.00973614614392,0.00971869346003,0.0,0.0286338848882,0.0514360783013,0.00933297298409,0.0203588189666,0.0111621903291,0.0113102392058,0.0128678459762,0.0056530545139,0.0426578156427,0.00560774209802,0.0178247954756,0.0139975199109,0.0590299260727,0.0365565875278,0.0380889981533,0.0296659210883,0.0339567881296,0.0652074674367,0.0310483580564,0.0357783312819,0.0439500090797,0.0441716628544,0.0184906252497,0.0197995127455,0.0849792632341,0.028237705442,0.0317319868041,0.0149603638828,0.0292871504952,0.0476653018479,0.0313323524766,0.0169894219323,0.0172782194104,0.0180485834644,0.0387262057641,0.02617588403,0.055929764315,0.0207402583849,0.0134327965559,0.0171071428107,0.00671268319492,0.0102740946689,0.0104039189959,0.0104067007998,0.0126530306996,0.0182969916024,0.0535463293326,0.0170062707503,0.0137151169805,0.00675984540289,0.0114459379358,0.0071118910338,0.00875584158989,0.0111565740625,0.00690068941653,0.0157581295132,0.0138514358545,0.0107857297949,0.0198310500783,0.0146982723617,0.0112906254943,0.0134641515492,0.00778845767465,0.0217991432354,0.036277404183,0.0403072976308,0.0230802088217,0.382228820575
0.0120548166593,0.0,0.0,0.00446836995164,0.0,0.0,0.00980615106147,0.0,0.00463447264585,0.0,0.0,0.0107578010881,0.0,0.0117095635181,0.0,0.00138807297424,0.00290522200278,0.0,0.00214500815164,0.00613798158206,0.00638351970115,0.0,0.0159017088437,0.040770386154,0.0207808301732,0.00478231222285,0.00477118972003,0.00555504728599,0.00533694151203,0.0184905037506,0.0323510904048,0.00507430168495,0.0101192723229,0.00693350824254,0.052922863229,0.0319930613285,0.025666575057,0.0099936019755,0.0167498768162,0.0532734169594,0.0321342134531,0.0210438718847,0.0339799472931,0.0303821723311,0.0108563649299,0.0146888048833,0.0644288430613,0.0248021913648,0.0133053158989,0.0199739895352,0.0187079205124,0.0534263728552,0.0304197252303,0.0150774950486,0.0142983427849,0.00930305663725,0.0286578882911,0.0159205047314,0.0543163791692,0.0204489943204,0.0102910199917,0.0119954657122,0.00736358867415,0.00891537120469,0.0078695349765,0.0229385422954,0.00771616227162,0.0148153340078,0.0371399608327,0.0169968065287,0.0109989148676,0.0110654223963,0.00918341056752,0.0115169818239,0.00923076799473,0.00636721687274,0.00752729504495,0.00912260862846,0.0137742522533,0.0144618717661,0.019356616831,0.0123094329512,0.00896663282377,0.0327174942633,0.0108289776149,0.0161215585098,0.0546685817897,0.0346265250049,0.0235568134637,0.403324301193
0.00508640706589,0.0,0.0,0.000824945826251,0.0,0.0,0.00424541022407,0.0,0.0121228295266,0.0,0.0,0.0306315072465,0.0,0.0141203577489,0.0,0.00299391753421,0.00594255992119,0.0,0.00174610464041,0.00564641954678,0.00276438500938,0.0,0.0129665689212,0.00778811176554,0.0342745521329,0.00363766307325,0.00726902822736,0.0148341540229,0.0043255356973,0.0176763255317,0.0762707969445,0.00348038968051,0.0193683724576,0.00578987954178,0.0637886249985,0.029386559645,0.0231312662109,0.0193954992354,0.0336880573484,0.0917128694341,0.0490356664072,0.020213689844,0.0603021767794,0.0366712183326,0.00710543192311,0.024630173503,0.0957262133139,0.0352412687926,0.030686371158,0.0142487014741,0.0139873852532,0.0442813957096,0.0299235203031,0.0141392982419,0.00936284179926,0.0200143901365,0.0211883251912,0.0211087782637,0.0557709220117,0.0118132494784,0.0131852499985,0.0108254912821,0.0115966074059,0.0169912571949,0.0163471129679,0.027391873051,0.0113606843736,0.0171661878557,0.0355308179375,0.0250420087616,0.0207132186333,0.0126535421431,0.011958386558,0.00786002635979,0.0130833031875,0.0127174450853,0.0121493399891,0.0131673371315,0.0168222210973,0.0155882691108,0.0266949668271,0.0176728861748,0.0150709364327,0.0423885601035,0.00953597111562,0.0168896810527,0.0304495935347,0.0199727821338,0.04402728357,0.406797138609
0.00409246827214,0.0,0.0,0.0045819486802,0.0,0.0,0.00736326179119,0.0,0.00499533119897,0.0,0.0,0.0059764471709,0.0,0.00475299437864,0.0,0.00104101174053,0.00281930779449,0.0,0.000974999041145,0.0036228257047,0.00177710073323,0.0,0.0332700048245,0.0622405631748,0.0424896645005,0.012796786096,0.00495058437665,0.0110072979891,0.00529052983083,0.00312773832679,0.0312416516152,0.010307365363,0.0177388719867,0.0115531941176,0.0559852241483,0.0548918485341,0.0124940729512,0.00724812828056,0.0247106030937,0.058752119909,0.0082193493195,0.021324292674,0.0564612875362,0.00783407841469,0.00634947166538,0.0158489307972,0.0550840433574,0.0177124227817,0.0108563715995,0.00620884103672,0.0139919710947,0.0588765114292,0.0180591128332,0.0145140901522,0.00790945026851,0.014978636624,0.0186286998329,0.0160129165709,0.0583249902779,0.0148505678778,0.00690856914513,0.00471838133828,0.00601949282362,0.00797811508759,0.00698768564751,0.0130445404771,0.00556696681606,0.00798135602626,0.015300134104,0.0108602117294,0.012045683739,0.00613309648442,0.00461852404507,0.00586019393465,0.00721405258605,0.00473649614404,0.00321123595895,0.00810848458847,0.00692310866388,0.00583283167793,0.0112218395127,0.00730384891966,0.00403330420407,0.0306619446392,0.0036172383998,0.0116166363326,0.0232330960896,0.0197588176352,0.0266186443629,0.281386794099
0.00541329656581,0.0,0.0,0.00929247302833,0.0,0.0,0.00472792332477,0.0,0.00267121108539,0.0,0.0,0.00350530392376,0.0,0.00475158251975,0.0,0.00260457033395,0.00307893883096,0.0,0.00466501217422,0.00404540998706,0.00361226433513,0.0,0.00805070117702,0.0121611378784,0.0110906624743,0.00962974037807,0.00251657580766,0.0141076358203,0.00277845802268,0.0144567858393,0.0417149361186,0.0224611513391,0.0248582985771,0.00949392283544,0.0541309853164,0.0209127369888,0.0277194458857,0.0560867506587,0.01908168003,0.0248751270623,0.0185537923111,0.0476923921501,0.02379225529,0.0167217798319,0.0210194956816,0.0160746526438,0.0586228914708,0.0190782769173,0.0180076649813,0.0170920428383,0.00929698897984,0.0544198890393,0.0291464580201,0.0282119600715,0.0207970541629,0.0324545273511,0.0356776103967,0.028080410442,0.0635255586152,0.0420976456398,0.0279806894269,0.0238835088764,0.0267078655346,0.0314387473021,0.010563294132,0.0266743117182,0.0301925275735,0.0106052937704,0.0265650505696,0.0226584656581,0.0346429275133,0.00986769369953,0.00917647234234,0.0167723162308,0.0237907383156,0.0514804318868,0.0255050841442,0.0294770985972,0.0242551847273,0.0310702818011,0.0497477772237,0.0342687449535,0.0488452227411,0.0279713934922,0.0424082751135,0.0396024777141,0.0366988809882,0.0710081323173,0.0447585861681,1.04156611114
0.00354895910329,0.0,0.0,0.000277566616159,0.0,0.0,0.000430723122488,0.0,0.000908261754788,0.0,0.0,0.0011561398548,0.0,0.00102777513647,0.0,0.00149287150546,0.0004665888543,0.0,0.000486062694216,0.00152012499804,0.000638437751734,0.0,0.000229391707222,0.00101114926918,0.00175841522421,0.0049225914399,0.00246419924118,0.00289969327174,0.000843267689904,0.00156252438383,0.00247606629738,0.00321463218424,0.017537369694,0.0056971003296,0.00641027815377,0.0164064933062,0.0166421530218,0.101321422998,0.0153104677703,0.0284641648281,0.0106665094075,0.0609215170416,0.0241707979214,0.0292027480708,0.0287473178855,0.0115443598471,0.0264462392783,0.0263051958118,0.0106588296552,0.0105574461284,0.0176905735149,0.0856474199948,0.0181637826981,0.0263974595536,0.0219861241736,0.0387875342664,0.0325628670824,0.036398826273,0.0500348623929,0.0203803224281,0.0168757650417,0.0178936265251,0.0140187543548,0.029381989211,0.0109205706758,0.0312646997089,0.0179348421508,0.0269615126145,0.0343595547641,0.016663805507,0.0262013621822,0.00991836759605,0.0114959572364,0.0136265489207,0.0164027997123,0.0454992185295,0.0129372009408,0.0351064028044,0.0177859786075,0.0169685183153,0.0367550646227,0.0169799867887,0.0427672174067,0.0192807782991,0.0531263473137,0.0254626686742,0.013322435899,0.0373263418407,0.0450751344199,0.769464083627
0.00176833215427,0.0,0.0,0.00158607524015,0.0,0.0,0.00124756992496,0.0,0.000307098840179,0.0,0.0,0.000785150340026,0.0,0.000475463416811,0.0,0.00015904379054,0.000301047189774,0.0,0.000156670777852,0.00053824692638,0.000413219633483,0.0,0.000208770806299,0.00134557820927,0.00195958976266,0.000901455979325,0.00423034263521,0.00186356129948,0.000740121631065,0.00178338792899,0.0019892355079,0.00277982070509,0.0145828431794,0.0038631697186,0.013203729067,0.0181842134037,0.0326308425715,0.0947641657046,0.0133128429067,0.0233679045058,0.0138382607449,0.0558085028928,0.0394765550341,0.0254707452975,0.0291045044667,0.00661205419357,0.0227837739981,0.0383226373309,0.00984580751043,0.0118215242333,0.0103100503342,0.073156114131,0.0429976726721,0.0264823791512,0.0272208211956,0.039366116152,0.0474519297332,0.0369409843053,0.0456164644053,0.0226353606206,0.0228159006888,0.0189552431821,0.0180102819303,0.0243670456611,0.0118476099045,0.0323487863647,0.0280145767381,0.0214370436283,0.0184069488359,0.0147266777364,0.041715176347,0.0161892427291,0.0104216092179,0.0220272214985,0.0110471242249,0.0428627243835,0.0205301868353,0.0303771345862,0.0158147452668,0.0175508566848,0.0515019009363,0.017191886203,0.0411296430559,0.0210829045128,0.0244463409294,0.0158565709132,0.0220103018025,0.0271320891055,0.0556991719867,0.464066354493
0.00173990735099,0.0,0.0,0.00210077829338,0.0,0.0,0.00136969314639,0.0,0.00120263450141,0.0,0.0,0.00196617946409,0.0,0.00254819632438,0.0,0.00157206098164,0.00160618723913,0.0,0.00190487957582,0.00217770986891,0.00174285362654,0.0,0.00143948828941,0.00232821699321,0.00183306778202,0.00100158225821,0.0049604426474,0.0022727822296,0.0026729505512,0.000756706342967,0.00434304238498,0.00276944137395,0.0119743306829,0.00425501842692,0.00797222445352,0.00931976275614,0.0197031628141,0.0779753451256,0.00520379548481,0.0161099485508,0.0119832734681,0.051781088062,0.0360098290777,0.0224867684476,0.00928292212395,0.0159551582004,0.0375690996764,0.030042885035,0.013307430137,0.0137126552226,0.0175033625053,0.13619509411,0.0279567112482,0.0286564053433,0.032529964428,0.0305539435072,0.0367459247388,0.0364347629925,0.0601514786365,0.0232235455681,0.0148718625273,0.0238679756923,0.014345390306,0.0158134209315,0.0064388768609,0.0273714229777,0.0171461983502,0.0201098275025,0.0218683911755,0.0188364954617,0.0395766974817,0.0247765613563,0.0193183060802,0.019039846962,0.0185397504797,0.0397909386333,0.0148223266956,0.0201636971105,0.0183887394555,0.0236785892045,0.0492378058912,0.0239671327937,0.0418161153141,0.02188878983,0.0343733927533,0.0389738565197,0.025763944891,0.0473263029753,0.0322538483989,1.424066937
0.00107996118474,0.0,0.0,0.000400188305794,0.0,0.0,0.000318433053605,0.0,0.000532773317868,0.0,0.0,0.00114597393986,0.0,0.000838889912972,0.0,0.00275786810232,0.000164594883912,0.0,0.000381069337244,0.000783803402226,0.00175905174315,0.0,0.00121969605873,0.00161212168078,0.00225135223284,0.00279971753515,0.00244735163285,0.00225113566938,0.00145930046968,0.000825831422679,0.00295652848918,0.00221088535127,0.00874358214518,0.00493639242378,0.0124207848288,0.00900073337445,0.012488677852,0.0455973286424,0.00692347677312,0.0223407274237,0.0109954008561,0.0650093939455,0.0108006231453,0.0111274576427,0.0246206355305,0.0115846975684,0.040727286996,0.0321564309453,0.0155907690307,0.0166904872509,0.0161076267083,0.0800970466165,0.0321860545283,0.0328314149628,0.0372110397405,0.0216544125314,0.0408363682464,0.0399720243623,0.0416210744838,0.0235621368414,0.0136504689047,0.0132616670474,0.0150906840765,0.0188912246964,0.00927200128147,0.0284965699065,0.0159220604881,0.0261762946181,0.0199621253392,0.0194474175675,0.0361964165921,0.0182646787823,0.0207519186103,0.0164079653542,0.0188723651172,0.0431019432011,0.0141173245883,0.0188342804887,0.0131779200815,0.0112798413939,0.0438884838015,0.0173961579335,0.0334455874624,0.0121288946409,0.0168931470279,0.0172021214028,0.0168158899999,0.0162425621368,0.0148790064451,1.24213174386
0.00112629804613,0.0,0.0,0.000898523025446,0.0,0.0,0.00119751518766,0.0,0.00090074912809,0.0,0.0,0.0013765638564,0.0,0.00331675418427,0.0,0.00114031694592,0.000672728310245,0.0,0.00044190440877,0.000490480581757,0.00126299865301,0.0,0.00133975909246,0.00234533393545,0.00212085125086,0.00171862320922,0.000987735367784,0.001713298089,0.000794460631096,0.0013122234711,0.00308279405682,0.000733834890516,0.0029534773098,0.000866546807533,0.00553742447553,0.00492948086136,0.00605063993445,0.0314525855427,0.00991397213654,0.0204445380711,0.00753493290449,0.0183606618332,0.0191120357046,0.00783448894689,0.0137630967633,0.0077520611323,0.0405244454784,0.0199098290574,0.00876597307933,0.00544634550914,0.00755769212235,0.0874018822882,0.0205243275613,0.0447643231411,0.0218798525746,0.0190040497949,0.03470991448,0.0286368304738,0.0352986898628,0.0132904977026,0.0133569620664,0.00622278042517,0.0115561957477,0.00583049992145,0.00394734468239,0.035054174568,0.00836384280179,0.014365473759,0.0180577032334,0.0162295945861,0.0245366836852,0.0217398190734,0.0167175265281,0.018012053436,0.0159508082903,0.0360335012361,0.0108713945655,0.0139542915037,0.0121931654957,0.0114370070589,0.0378793775189,0.02248745597,0.0366308131256,0.0208209578958,0.0235621285698,0.0365178103673,0.05197436812,0.0546239677184,0.0345390141056,1.08931956356
0.00172611781646,0.0,0.0,0.00682998549232,0.0,0.0,0.00178819026601,0.0,0.00122931565343,0.0,0.0,0.000623225625496,0.0,0.00246218620432,0.0,0.00147575916422,0.000823038720563,0.0,0.00203559175225,0.00170934480771,0.00062195298926,0.0,0.00432139044084,0.00114882818096,0.000270347340061,0.000202502515871,0.00117987796631,0.00481260233286,0.000903803314112,0.000680172607459,0.00202387601245,0.00167911032802,0.00192731841025,0.000571629397536,0.00389770576397,0.00527214088854,0.00459798167588,0.020681727119,0.00551479787941,0.0171520755893,0.00547439479111,0.0114722286875,0.0136669991389,0.00554128832557,0.0106371921945,0.00740082401854,0.037521872645,0.0111849493896,0.00937833202198,0.00862126296649,0.0130057608305,0.0528673496955,0.0209907816116,0.0389350380699,0.0172381299607,0.0227273884651,0.0264278849621,0.0297203700235,0.0450404428994,0.0202068095664,0.00792686377246,0.0121635933847,0.00656814486441,0.010172924004,0.00844749100573,0.0262989181708,0.0144932434257,0.0147167264702,0.0145549219232,0.0111500330649,0.0240877835697,0.00828544676797,0.00919918661843,0.00867697625013,0.00923362251218,0.0285593916875,0.00774340433154,0.00924813456807,0.00734679478523,0.0143808502157,0.0315794718978,0.0151034464281,0.0236407722397,0.0118668882298,0.0171175545012,0.0255845577983,0.0628499626617,0.0279129031443,0.0167167657867,0.595261005769
0.00189468545886,0.0,0.0,0.00873495418252,0.0,0.0,0.000995070615808,0.0,0.000617846048201,0.0,0.0,0.00278816801528,0.0,0.00204220489441,0.0,0.00094363386597,0.00338098965612,0.0,0.00108057914268,0.00158521781729,0.00309332161645,0.0,0.0058403734359,0.00288634323762,0.00164532649864,0.000862902902805,0.00258775824137,0.0058443431504,0.00214113253707,0.0011225565728,0.00102787040258,0.000441432322698,0.00117773113867,0.00182547135119,0.00283699818064,0.00262287649848,0.00614013712936,0.0163992960782,0.00832508506029,0.0244966744972,0.00526151235033,0.0154626012821,0.0151033664631,0.00608875320742,0.0145132851416,0.00929042357881,0.0404975211338,0.0125057327436,0.00740819898162,0.00343636196566,0.0129160984536,0.051306506589,0.0176568228722,0.0369179667386,0.0174346525292,0.0136965102895,0.0263985776093,0.0244045412225,0.0292657838524,0.0108362104267,0.0098133422203,0.00718252087675,0.00639861794495,0.00893644996643,0.00426515306126,0.0194785897637,0.00959512964034,0.0249687056522,0.031773113445,0.0217039497872,0.0264525221211,0.00874167851919,0.00804393407115,0.00885724737084,0.00842535219471,0.0283725837666,0.00553777971535,0.00944621263096,0.00567717514984,0.0124345084621,0.0285390098623,0.0189372849683,0.0254886421895,0.0196800790226,0.0265462793139,0.028374650593,0.0422829263322,0.042453297223,0.0202824311902,0.338957954325
0.002949229785,0.0,0.0,0.00313863822909,0.0,0.0,0.00168372038081,0.0,0.00204803986338,0.0,0.0,0.00115782818146,0.0,0.00269771487656,0.0,0.000851094053464,0.00127044370448,0.0,0.00133184516887,0.000579644787394,0.00234831588809,0.0,0.00262707786357,0.00240930415368,0.00236987460237,0.000645567758479,0.00133065570449,0.0032105651875,0.000626910871428,6.17193047821e-05,0.000894392421284,0.000804184751995,0.00152218621861,0.00164762505254,0.00157720861643,0.00243090228516,0.00202090333391,0.0115067870377,0.00581001987267,0.0199387016846,0.0044061040869,0.00734098182236,0.0089854499667,0.00342964949009,0.0140462250556,0.0134386983957,0.0472445595087,0.0103062358759,0.00623222798924,0.0058104949235,0.00487488039278,0.0404411067304,0.0132816848441,0.0185488687433,0.0163982662092,0.0121455641997,0.0260920829398,0.0186323103874,0.0235929977794,0.0130988965326,0.0066927836012,0.0040800792624,0.00491857273987,0.00568958488635,0.00537741374089,0.0173108516027,0.00973366148345,0.0125698495932,0.0598328261965,0.00960622681291,0.0254303485994,0.0047836444802,0.0063808610252,0.00550720276587,0.00611225535561,0.0238502690458,0.00902844523877,0.00924016635783,0.00697725984966,0.0128515262045,0.0354552188567,0.0173858300133,0.025723542321,0.02217001514,0.0196772268213,0.0310109422023,0.0639810520137,0.0715710815847,0.0648688243153,1.09706594224
0.00170153043526,0.0,0.0,0.00239663203889,0.0,0.0,0.00164613093637,0.0,0.00149258877037,0.0,0.0,0.000421622982085,0.0,0.00135223563855,0.0,0.000908163357915,0.00138931575665,0.0,0.000501096321212,0.000378704741764,0.00145381361128,0.0,0.00148144986067,0.000634904164135,0.000906033602038,0.000152922172242,0.000532534061916,0.00296339635637,0.000317221657463,0.000789512703589,0.000845640162678,0.000570314896693,0.00110772659569,0.000347409783737,0.00208784666595,0.00220952715872,0.00213473374297,0.00129728085391,0.00245182575112,0.0186985942602,0.00415057098184,0.00476512928422,0.00542391931377,0.00667023224249,0.0103177832192,0.00767872930038,0.0424173370171,0.00950011436276,0.00354914962304,0.00378870899114,0.00783014516256,0.023745164981,0.0125366128311,0.0252281713912,0.0160605901093,0.00821077147408,0.0565121311737,0.0256540055045,0.0318843071738,0.00919649160036,0.00599998741537,0.00204994240461,0.00410016286125,0.00475433628687,0.003239465881,0.0150156862814,0.00955203708792,0.0140438628583,0.0818212607602,0.01109030602,0.0179922453504,0.00691432905449,0.00675762083281,0.00174402428428,0.00549556647989,0.0208552659707,0.00605257891265,0.0106774742126,0.00405059537764,0.0135499512919,0.0353798018271,0.0147902409345,0.0292153216006,0.0183179060138,0.0507073052815,0.0265619931673,0.0605110087145,0.0545425616117,0.0285545216353,0.978152366795
0.00067474314746,0.0,0.0,0.00394586636713,0.0,0.0,0.000761963617343,0.0,0.000453224540091,0.0,0.0,0.000252205110657,0.0,0.000503511535665,0.0,0.000310591453173,0.000522678738832,0.0,0.000301213469621,0.000357336766725,0.000384775821154,0.0,0.00230300646047,0.000702664418757,0.000287832127101,0.000714287301839,0.000376703818412,0.00067646000234,0.000433518661159,7.47622461252e-05,0.000607944604233,0.000138464133056,0.000582723994472,0.000549339802964,0.00144923296971,0.00165211270289,0.00127019183445,0.00934719969642,0.00286844936714,0.0173630817365,0.00329527407312,0.00357588785009,0.00775810382954,0.0028068769937,0.0174253752784,0.00824531650041,0.0445302621412,0.00740334554305,0.00480389854922,0.00321796895673,0.00572585648735,0.0221758864456,0.00606546594241,0.0211320550457,0.00587610906005,0.00822074094609,0.0532176375537,0.0141302505067,0.0298734490921,0.00485988341223,0.00524819807611,0.00273608637584,0.00256776562549,0.00698748342395,0.00330385139591,0.0131108808836,0.010592589243,0.0171950616551,0.0679016972131,0.0172604045764,0.0141502261452,0.00430295543336,0.00317890713907,0.0043802607331,0.00366259239685,0.0157316992988,0.00414921021854,0.00527080864379,0.00984002978802,0.00942046151581,0.0290743664271,0.0116486820772,0.0226460240458,0.0315854597345,0.0185216419963,0.0326113845088,0.0755495616361,0.0476359443164,0.0428175684117,1.08202734246
0.000555505377924,0.0,0.0,0.00213381454082,0.0,0.0,0.000113183406383,0.0,0.000191132333351,0.0,0.0,0.000304944031177,0.0,0.000348331483795,0.0,0.000809388652817,0.000386173070878,0.0,0.000576957822429,0.000951336301484,0.00048134693423,0.0,0.0015127237395,0.000964605182122,0.000220918546845,0.000508010451676,0.000529465415124,0.0015551320785,0.000674319804009,0.000252461909313,0.000413214910508,0.000502159424631,0.000783701617777,0.000655211983657,0.00116116038348,0.00198404660908,0.00128028524287,0.00366030846182,0.00118704149667,0.0172203732076,0.00314972089402,0.00406036861969,0.00466774933448,0.00459641662379,0.0166936217232,0.00877501636404,0.0371183490414,0.00966762193694,0.00482234554521,0.00392017383486,0.00359781359457,0.0196445113112,0.00715860330993,0.0286289142758,0.0110775550191,0.0101457154946,0.0371164568134,0.0113164321475,0.0185364824809,0.00321361379898,0.00274074436183,0.00211210175395,0.00193293783456,0.00810979614114,0.0111959392833,0.0510477781349,0.00810148514206,0.0116141510354,0.0471541949726,0.00969548752237,0.00945070685354,0.00327007579201,0.00278927791084,0.00283643481325,0.00369126633908,0.012084301819,0.00352055049826,0.0138111338563,0.00449303965584,0.00370133990168,0.0183788926442,0.00679232988326,0.0137087283336,0.013840481842,0.0214579038385,0.0130639883347,0.0233047450339,0.0208426281274,0.0252637968056,0.998956032023
0.000579300286255,0.0,0.0,0.0022763323615,0.0,0.0,0.0003531994622,0.0,0.000319217290924,0.0,0.0,0.000484293487332,0.0,0.0004618352965,0.0,0.000897677500962,0.000259370340799,0.0,0.000436563738293,0.000419681728156,0.000585915564708,0.0,0.0011074580344,0.000756904035119,0.000555766652252,0.000215256977752,0.000583658051581,0.000723439201779,0.000112365074906,0.000320972758072,0.000530339183902,0.000367876499068,0.000882440298948,0.000326358794855,0.00122134278554,0.000802411024515,0.00142415323902,0.00433890030407,0.00266902734344,0.015067727155,0.00237603026223,0.00235478842077,0.00408502784293,0.00506999937318,0.0139973095394,0.00683629779349,0.0407069450344,0.00669155552783,0.00220469110012,0.00380807299635,0.00483721181648,0.00858484197589,0.00788451402782,0.0422611505432,0.0106646686272,0.00716211970466,0.0195780783705,0.0112503413516,0.0233709289885,0.00518260136716,0.00182233657843,0.00151336731021,0.00166002387578,0.00654592002658,0.00913051658587,0.0581283439822,0.00631157061789,0.00973229404752,0.0311519674533,0.00482088884125,0.00780502456882,0.0033675636612,0.00244972793,0.00216508553976,0.00234664623088,0.0116057726938,0.00214273594619,0.0190624752453,0.00243079907886,0.00307862574932,0.0135281514741,0.00261744270633,0.0109823503927,0.00370670360378,0.0322333998859,0.00650402337006,0.00688698988067,0.0101366178387,0.00412506182026,0.68664318265
0.000495217316717,0.0,0.0,0.00139460841834,0.0,0.0,0.000409312945366,0.0,0.000327467882115,0.0,0.0,0.000255314476541,0.0,0.000162770965407,0.0,0.000199085595221,0.000399048494731,0.0,2.0425952454e-05,0.000186682239792,0.000353255206717,0.0,0.000624346774158,0.000352022487651,0.000238523501805,0.000235937172777,0.000146613522441,0.000734038683605,0.000440196511965,0.000380420512117,0.000553830956757,0.000452486918519,0.000444628467135,0.000138809529471,0.00101937808819,0.000917987303672,0.00102079694243,0.00465922801951,0.00232549174566,0.0168291420622,0.00291250352643,0.00307134131694,0.00354729691282,0.00356127402525,0.0137098074731,0.00439789261542,0.0401296161741,0.00745823899578,0.00560068076603,0.0024381123372,0.0026967315478,0.0102853941059,0.00668414878833,0.043009495792,0.0126530183567,0.00634832206672,0.0198823988362,0.00617825845874,0.0243643690555,0.00451140077054,0.00155261552872,0.00115839051739,0.00207970974525,0.00662837927757,0.0132406581538,0.0687117509617,0.00793838093447,0.00819318384891,0.0191869870157,0.00379382691046,0.00924744257269,0.00235531050173,0.00193411280793,0.00245790000864,0.00250076941092,0.00797651991035,0.00380634526018,0.0222455139956,0.00281468027004,0.00238903144219,0.00824481752185,0.00186477858276,0.00740166470113,0.00438501441778,0.0280644397435,0.00487592248301,0.00432495838203,0.00629012340246,0.00247585835157,0.653565854895
0.000382532444038,0.0,0.0,0.000918672379525,0.0,0.0,0.000499438295155,0.0,0.000181106486067,0.0,0.0,0.000362145387521,0.0,0.000672718978675,0.0,0.000273469874388,0.000418043816925,0.0,0.00032949872875,0.00040078201118,0.00041677017466,0.0,4.37140976381e-05,0.000686599229896,0.000387469244676,0.00013826870679,0.000232192101667,0.000416151488862,0.000433071018608,0.000226576415257,0.000525229389458,0.000243628037972,0.000420623256638,0.000473436925096,0.00120557465961,0.00088414980332,0.000699574995807,0.00217102488334,0.00121334251645,0.0148194184223,0.00258402185696,0.00254621111698,0.0026585360428,0.00189690841702,0.0148513734418,0.00847795841753,0.0365495787267,0.00857493279267,0.00358275692856,0.00251295377591,0.00353932522349,0.0053493846002,0.00444922085442,0.0459261021832,0.00610062780017,0.00380385664266,0.014502576666,0.00339774750476,0.0139621023943,0.00253361827468,0.00257253600836,0.00208852325124,0.00273382576357,0.00505793005454,0.0178493087103,0.0516211470948,0.0131231734427,0.00468350131633,0.0148030266024,0.0040556646164,0.00715949349454,0.00207853623486,0.00165072452565,0.00119734864438,0.00147952412807,0.0110976385508,0.00489649570579,0.022425701516,0.00326501371478,0.00228448011199,0.00900743670446,0.00166557843313,0.00533838101199,0.00353434845741,0.0229425796217,0.00419065607859,0.0035215677885,0.00353472173091,0.000638510592583,0.0535326990817
0.00186072081376,0.0,0.0,0.000969237934185,0.0,0.0,0.000829369796682,0.0,0.000779276780894,0.0,0.0,0.00028531433327,0.0,0.000399045739205,0.0,0.00047500453416,0.000233134201651,0.0,0.000517621640604,0.000437258977229,0.000699965314306,0.0,0.000364802016344,0.000176381871455,0.000369849623649,0.000188116393946,0.000534055871976,0.00102342148574,0.000156062805202,0.000645534636587,0.00110066077188,0.00137895610284,0.00208657191748,0.000827103865165,0.00363400345653,0.00325686543009,0.00504969582914,0.0157120729008,0.00365491516069,0.0132415312841,0.00297012517382,0.00346807444736,0.00301671031633,0.00472599837298,0.016373356613,0.00337706618908,0.0243129789239,0.00925058535583,0.0194779468803,0.0289509471729,0.00947083879681,0.00729044088552,0.00627072066078,0.0233429787032,0.00872921936455,0.00927648132651,0.0248215878936,0.00857358424158,0.0106010366996,0.00817328490481,0.041948003653,0.0199575683073,0.00515210414166,0.00436537581477,0.0106055845228,0.0786724980378,0.022577212235,0.0121217325862,0.0293885089046,0.00678408561384,0.0115465339776,0.00497352620536,0.0151684193264,0.0285466418432,0.017337611099,0.0263399451692,0.00884030658331,0.0407620622152,0.00962413078098,0.0207615761846,0.063365923607,0.0122938181579,0.00568290112408,0.00537487854024,0.0477793985742,0.0473078490224,0.0153586370737,0.0456285818132,0.0435830329629,0.700783826024
0.000618955872905,0.0,0.0,0.0011577692828,0.0,0.0,0.000653088934437,0.0,0.0007763734008,0.0,0.0,0.000413524019736,0.0,0.000477847157732,0.0,0.000512935736719,0.000168585764357,0.0,0.000661826450387,0.000424542279129,0.000176334504539,0.0,0.000292339151242,0.000271222988261,0.000440892492655,0.000415547691954,0.000569442866066,0.000567530315219,0.000360079619542,0.00048863787065,0.000881396306515,0.000946759181759,0.00138639994969,0.000457633380843,0.0025151213772,0.00334091770659,0.00383621773378,0.0200493753642,0.00790605708566,0.00560461627263,0.00319836326715,0.00171046295266,0.00274672764021,0.00431011342424,0.018341480011,0.00839790527299,0.0110612950822,0.00540736653544,0.0212480256516,0.031490317422,0.00636417349046,0.00420662994805,0.003940567003,0.0451562532704,0.00832303912372,0.00434192718674,0.0238549689818,0.00477802650943,0.00773904545791,0.00481396798823,0.0279223369756,0.0222447178318,0.00604543463642,0.00307260539513,0.0158365946273,0.0673647926233,0.0122978201395,0.00655300241994,0.0225238339607,0.00316029639007,0.00416449810038,0.00812087451884,0.0160778647069,0.0422315180087,0.00879311071899,0.0126658664199,0.00905771687437,0.0426608950723,0.0109873492385,0.0116272008294,0.0450297246402,0.00788796756744,0.003952326311,0.0224470127909,0.0446638066563,0.0253586656944,0.0237975910359,0.0444860903777,0.0144770212964,0.801251308848
0.000253579684615,0.0,0.0,0.000538680803351,0.0,0.0,0.000370841513135,0.0,0.00045815408629,0.0,0.0,0.00025129807235,0.0,0.000117563484521,0.0,0.000104534758316,0.000258767280088,0.0,0.000282621690341,0.000194177194103,0.000171643016069,0.0,0.000146828945436,0.000321337827648,0.000272384370509,0.000240117945667,0.000430779206003,0.000362007795149,0.000314929587799,0.000360057973127,0.000891016147359,0.00137173277617,0.00158966515012,0.000989866929603,0.00383967334512,0.00291414416255,0.00672661961601,0.0275860691883,0.00805115648673,0.00931863422229,0.00331782433025,0.00351102454927,0.00263036800867,0.00425492541166,0.0168702693444,0.00486188902711,0.00733660872152,0.00341041690517,0.0117140600023,0.0278990852829,0.00486473727864,0.00599228276205,0.00578157403825,0.0403320459719,0.00505833262552,0.00481018552265,0.0262276599313,0.00414750601461,0.00462899586352,0.00368793942236,0.0209001996901,0.0157487241747,0.00285809258028,0.00356107540836,0.0192480196539,0.0481050104433,0.0108502981516,0.00602413921593,0.0178343949315,0.00408586469339,0.00250730980797,0.00230783595473,0.0181861327072,0.0456430644605,0.0106347985836,0.0128360697254,0.00651678106788,0.0353126365805,0.00588754747276,0.0154010749068,0.0400331471121,0.00450968564705,0.00219978424416,0.0153599894015,0.040675539614,0.014443705942,0.0135656575447,0.0226587455635,0.0095986236329,0.833769976427
0.000884027852289,0.0,0.0,0.000579614489428,0.0,0.0,0.000272624673568,0.0,0.000345591085933,0.0,0.0,0.000305489582244,0.0,4.14736920773e-05,0.0,0.000156447287763,0.000116502266697,0.0,0.000262019241455,0.000290452506863,0.000148677254279,0.0,0.000278107735609,0.000412341105839,0.000212352962561,0.000159700555709,0.000348387297243,0.000882025563041,0.000366895310463,0.00039149498749,0.000672020468419,0.000397873251956,0.0011825614889,0.00117846416323,0.0033265324387,0.00401955575758,0.00579903055472,0.0294175639506,0.00917997293182,0.0061653244787,0.00296270948057,0.00392197977713,0.00271771572612,0.00385201646321,0.0139867385956,0.001513235761,0.00520946565222,0.00354754483592,0.0190506797562,0.0163338274745,0.00753744532676,0.00721123242779,0.00968620712204,0.0410572907333,0.00897876788949,0.00664454058802,0.0282557251402,0.00385977498654,0.00324299030867,0.00364552133207,0.038904535235,0.012608383006,0.00215660300759,0.00211222225215,0.0126774382293,0.0589133087832,0.0105200982512,0.00282640591131,0.0259302346802,0.00296488762783,0.0023579038362,0.00322969053425,0.0255815250124,0.042107100345,0.00772967464348,0.0157865117355,0.006605978873,0.0309302004934,0.00667886462644,0.013346213303,0.04101475753,0.00736636968496,0.0118029549589,0.0175610719877,0.042205069132,0.040366055646,0.029866309802,0.032818315724,0.00923565738888,1.1530918306
0.000294506801329,0.0,0.0,0.00070713801869,0.0,0.0,0.00045876748301,0.0,0.000265482385551,0.0,0.0,0.000171641501304,0.0,0.0003840151213,0.0,0.000411545905968,0.000338363934503,0.0,0.000437866595465,0.000333723279532,0.000388261002437,0.0,0.000127783516227,0.000554066290478,0.000665926278498,0.000567322620166,0.000586504980377,0.00110652871288,0.000641293458828,0.000568727950365,0.00145833569165,0.00117340139209,0.00157605724016,0.00117636518269,0.00388982265563,0.00409094720612,0.0080810511698,0.030103531628,0.00641703614208,0.00473604127355,0.00219763212531,0.00161120485725,0.00176700890724,0.00131908709942,0.0129757124501,0.00396967512344,0.00274585603058,0.00528086943834,0.0178377174651,0.0197240338527,0.00376983713075,0.00195411036889,0.00425861548934,0.0275361871486,0.0070319455159,0.00507494820852,0.0216150811772,0.00423520491045,0.00259617358427,0.0047647453479,0.0283807811806,0.0102903840608,0.00164461912942,0.00214043487172,0.0136932965446,0.0487747036455,0.00842849596438,0.0032855407739,0.0178219939394,0.00176412872303,0.00164021622976,0.00328933211792,0.031369779644,0.044534985518,0.00675295914411,0.0149137489431,0.00599932121135,0.016408312541,0.00496792602309,0.0107522927136,0.0345221398935,0.00304365937769,0.00280040357744,0.00481547340148,0.0332701064011,0.0100534069975,0.0070092326349,0.01162926344,0.00700292971507,1.20002979646
0.000504182323788,0.0,0.0,0.000401377651368,0.0,0.0,0.000387029289649,0.0,0.000793978099352,0.0,0.0,0.000478088331162,0.0,0.000553300352841,0.0,0.000598098178424,0.000813192653158,0.0,0.000614799475348,0.00058527153324,0.000225124077458,0.0,0.000252204455642,0.000874122940047,0.000577710720268,0.000397248118795,0.000569522020172,0.00129926967798,0.000660177931084,0.000651821802163,0.00164712621756,0.00177130147718,0.00194315628426,0.000484779339869,0.00398361154353,0.0043983686987,0.00645702656526,0.0288225741552,0.00541934632466,0.00326613649289,0.00124135118384,0.00110729349386,0.00200655502055,0.00431742625467,0.0138779495713,0.00295519290738,0.00158157324207,0.00345960684209,0.0203523549183,0.0162930837921,0.00601110694793,0.00318507582882,0.00428331946187,0.015262109894,0.00532382826395,0.00474935556844,0.0231098277999,0.00294088218138,0.00288827827099,0.00435156106124,0.0256107135075,0.0118100376036,0.0028270957506,0.00280946170173,0.0111583893699,0.0317764849143,0.00802805286641,0.00329312512986,0.0145433249894,0.00309114637531,0.00253548740817,0.0034406740053,0.0269289448975,0.0392316187361,0.00770585941966,0.014644302736,0.00718149972028,0.0176508660143,0.00984389149909,0.0130191563667,0.0291791713275,0.0116975343044,0.025198100108,0.0318891465527,0.0599805732338,0.0373303559692,0.0305508391298,0.078401490086,0.0618450205995,1.09697281002
0.000599324437012,0.0,0.0,0.000319518014892,0.0,0.0,0.000436071182813,0.0,0.000540566488683,0.0,0.0,0.000321396611332,0.0,0.000489961927723,0.0,0.000480461403235,0.000394397921964,0.0,0.000365578355855,0.000468559986757,0.000456208153064,0.0,0.000348492754509,0.00071449259447,0.000232689970632,0.000283256160881,0.000675945422987,0.0011060141402,0.000728921634618,0.000641413604652,0.00131503798844,0.000313171131667,0.00135957416487,0.00103546005343,0.00305498814319,0.00419864840802,0.0063355865784,0.0226332315419,0.00757979979099,0.00518247477121,0.00228525890588,0.00248151610019,0.00264400575738,0.00156089217603,0.0178423570387,0.00435105249413,0.00343712477931,0.00393610114239,0.0178407837697,0.0153798881752,0.0064268088239,0.00273162703406,0.00353998903101,0.0222217069142,0.00481218591113,0.00298925235667,0.0181381882311,0.00333763243583,0.00272466625564,0.00390715424411,0.0287617002657,0.0100180405858,0.00236232083054,0.00219493905519,0.00733370500782,0.0288876065607,0.00650561129732,0.00260898572221,0.00751373044822,0.00196786508501,0.00113378611122,0.00329220832235,0.0251590702292,0.0353413878463,0.00353184691094,0.00944857748559,0.00341361075488,0.0192109883184,0.00750536420322,0.0107857825338,0.0266957457793,0.00831465111725,0.00537416860931,0.0101814252161,0.0428853019505,0.0156187090628,0.0138268411,0.0254154651905,0.0418267564043,0.824099733719
0.000203664555168,0.0,0.0,9.27267398663e-05,0.0,0.0,0.000239331469976,0.0,0.000133448222226,0.0,0.0,0.000226318488252,0.0,0.000190292590616,0.0,0.000238855239776,0.000215498397337,0.0,0.000317117736448,0.000213534161441,0.000221404637859,0.0,0.000175913657091,0.000228954261371,0.000261324682338,0.000213846019787,0.000180019772999,0.000900179840029,0.000406160711359,0.000516679622554,0.00114052839756,0.000966865665675,0.0012653532519,0.000876930257522,0.00256098735131,0.00377598807603,0.00747855351527,0.024368514452,0.0108853402158,0.00573992885525,0.00215117483625,0.00364988754312,0.00241572411274,0.00458495385173,0.013840224618,0.0050710534087,0.00439289634642,0.00518105733258,0.0178782899791,0.00838566316004,0.00263675864296,0.00195540836964,0.00475886066379,0.0283976204987,0.00451817063726,0.00242279368778,0.0152373118761,0.00376844334849,0.00162116702814,0.00294958771215,0.0177735943374,0.00956347543637,0.00209330059216,0.00127523889244,0.00502736797959,0.0196754939757,0.00457995810311,0.00218021620067,0.0134359939545,0.00205123964324,0.00201029279754,0.0035233917585,0.0241810649349,0.0255960945974,0.00291288054486,0.00691293003721,0.00202082796422,0.0119458392781,0.00169176042458,0.0082189914271,0.0236457367285,0.00273002552177,0.00199316471589,0.00275597909384,0.0425617206423,0.00879294647596,0.00401839729905,0.00414339173855,0.0111764452454,0.28827068137
0.000312017278076,0.0,0.0,0.000239197614232,0.0,0.0,0.000216859439145,0.0,0.000171244162497,0.0,0.0,0.000161167557035,0.0,0.000143244290343,0.0,0.00015583278762,0.000235545394762,0.0,9.35978369165e-05,0.000238621458445,0.000155071761075,0.0,0.000196408614793,0.000182218986138,0.000211732142177,0.000294189251017,0.000463543966006,0.000863304901076,0.000771661755478,0.000896801040494,0.00181126044602,0.000831838642234,0.00229850545965,0.0019072119397,0.00309116592045,0.00248610557473,0.00515409019873,0.0284491518138,0.00426444037715,0.00317297039909,0.00267920953578,0.00212999807244,0.00213224371021,0.00237423458273,0.00975716191996,0.00312134781202,0.00366650487618,0.0063031537628,0.0212420880777,0.01217159364,0.00597469756234,0.00510584723083,0.00595393578454,0.0154340790522,0.00281117255215,0.00485248140964,0.0137294331432,0.00239758433346,0.0022029201769,0.0052826118126,0.0194397264083,0.00804733436405,0.00233605773033,0.00121224525279,0.00465925092498,0.0193319321593,0.00263517639952,0.00336517302256,0.0129117489773,0.00188886170124,0.00207836060108,0.00335101805252,0.0179765699074,0.027199372004,0.00557111680217,0.00983139650836,0.00407094483583,0.00790522902327,0.00519432235596,0.0100205274796,0.0218379634683,0.00482868229967,0.0144795365047,0.0356518253027,0.0535610119059,0.019594920383,0.0466109405962,0.0354061156772,0.0375160398095,1.03646459024
0.000235219967348,0.0,0.0,0.000237324392035,0.0,0.0,0.000212783697885,0.0,8.7699797373e-05,0.0,0.0,0.000227491638515,0.0,9.76111846682e-05,0.0,0.000259437663942,0.000196352342544,0.0,0.000117703699034,0.000158515122597,0.000134206000457,0.0,0.000113880082685,0.000129647390657,0.000162867066584,0.000202062516688,0.000390592724001,0.000368964454565,0.000281272718392,0.000384550946801,0.00117054929992,0.000180597164631,0.00159901152069,0.000506693869018,0.00209825942453,0.00343998627538,0.00755365938741,0.025033054753,0.00733356859852,0.00433087424073,0.00130191184639,0.00193837141819,0.0011576934208,0.00143446184883,0.0180116602371,0.00236644632045,0.00160455495037,0.00310763272025,0.019309521368,0.0145760445281,0.00233495734921,0.00248550136735,0.00264542613973,0.0237524095227,0.00347359727311,0.00481998560827,0.0147042115061,0.00270806235366,0.00129403024038,0.00212343397175,0.0227384713146,0.00882822964849,0.00195219327889,0.00166419427605,0.0026786469522,0.0142108051351,0.00300170581432,0.00171664686361,0.0121964162437,0.00225370581288,0.00285249836464,0.00227065318912,0.0181955461886,0.0267146031522,0.00314718801523,0.010206347106,0.00445378340645,0.0159149802364,0.00763502770631,0.0116601860711,0.0192277562347,0.00928604106327,0.0124724614556,0.0112134264742,0.0302369609472,0.0182947194488,0.0200901669136,0.0226472405664,0.0435779129971,1.07467190661
0.000305794477921,0.0,0.0,0.000644951280746,0.0,0.0,0.000336566560232,0.0,0.000351310383639,0.0,0.0,0.000262870628456,0.0,0.000350815280208,0.0,0.000312555293765,0.000485827254655,0.0,0.000395872542035,0.000339263553423,0.000439464060446,0.0,0.000395041672295,0.000389601350282,0.000285101694983,0.000288338024682,0.000187013247492,0.000823217467819,0.000385763040648,0.000428537507983,0.00105969403831,0.000817261264605,0.00170897510021,0.000971239758614,0.00264054753923,0.00221697198375,0.00474530897437,0.0225346457746,0.00628952866454,0.00419117719089,0.00140800018443,0.00223648107882,0.00242159473922,0.00402445188205,0.0120178820664,0.00312080217042,0.00128748349765,0.00250522348636,0.0148162932173,0.00964311022901,0.00257692818225,0.00264373738162,0.00258896988132,0.0189916613351,0.00263277812931,0.00230320775718,0.0148775014403,0.0016461124374,0.00275074656722,0.00418868361765,0.0196961504452,0.00837412582928,0.00166533380548,0.00188452545991,0.00341707152815,0.0144743920055,0.0016726677362,0.00125160582954,0.00788022861122,0.00155445981092,0.00125212556489,0.000949948998318,0.0126578881078,0.0195263540709,0.00385142140039,0.00769611448018,0.00268664655052,0.0149844040341,0.00598203360979,0.00774590347084,0.0163482594775,0.0116294610291,0.00899280432497,0.0213681710174,0.0534863564191,0.0232052474269,0.0273498644122,0.0285128251887,0.0302137845506,1.0203534155
0.000733282404578,0.0,0.0,0.000351253356605,0.0,0.0,0.000431981118235,0.0,0.000544863667398,0.0,0.0,0.000190380069635,0.0,0.000364350335702,0.0,0.000546126119891,0.000888076626939,0.0,0.000803162643487,0.000764983641904,0.000748496906371,0.0,0.000856520067694,0.00091567498088,0.000848660887297,0.000646614776923,0.000509596469212,0.000964733593009,0.00072312481608,0.000605751384187,0.00151540642174,0.00156799251023,0.00267797151906,0.00116601667291,0.00262441877471,0.00223316039412,0.00564423002442,0.0241053707612,0.00519323192683,0.00241742951431,0.00224910929405,0.00349468270407,0.00134752776337,0.00295368688544,0.00926756693291,0.00367529326534,0.00273146641234,0.00290828124028,0.0223644192898,0.0107460971895,0.00817012295598,0.00283038623746,0.00407797247563,0.0205267541036,0.00563968681958,0.00398677604164,0.014363043324,0.00251958390343,0.00387676593942,0.00389211149851,0.0338257569032,0.0375622050717,0.0131048791766,0.00615111312358,0.00429926674162,0.00965702859206,0.00319074746174,0.00222984578873,0.0112126045363,0.00294130716889,0.00177555668279,0.00219833107609,0.00997991236795,0.0188368504589,0.00544103308228,0.00705967653945,0.0030828305326,0.00780880462483,0.00411086394102,0.00803095853458,0.0241792316103,0.0110132151013,0.00903801372815,0.0162933052709,0.0326684948464,0.0241035298403,0.0290604268055,0.0393513738756,0.0245761718273,1.0323030026
0.000451668883028,0.0,0.0,0.000435778495229,0.0,0.0,0.000379827383328,0.0,0.000423053443306,0.0,0.0,0.000811057447217,0.0,0.0006052418466,0.0,0.000572809132275,0.000484853444558,0.0,0.000704715543681,0.000628887890448,0.000469990073673,0.0,0.000755959342745,0.000465089564917,0.000441875907327,0.000507577286451,0.000595958396937,0.000921584063618,0.000451570131347,0.000716524722567,0.00125067614488,0.000262277586608,0.00208551010873,0.00153063066689,0.00242381168126,0.00261535447239,0.00519453058571,0.0260858474646,0.00890356427612,0.00437293118886,0.001875362767,0.00244089179931,0.00160500210498,0.00291179714586,0.0102956659468,0.00268008426834,0.00368850665967,0.00339173985471,0.0124674620047,0.0289658318483,0.00666438433098,0.00445593781854,0.00489345698221,0.0197984448375,0.00375364960162,0.00316247794963,0.0137200484306,0.00261336057013,0.00134102117667,0.00516834755755,0.0201450898429,0.0641497969427,0.013949267594,0.00564571504733,0.00344639427597,0.00899000193439,0.00352354334011,0.00306046395682,0.0102848028228,0.00307621865833,0.00272704910872,0.00273752591104,0.00790290936649,0.0265275985718,0.00318573156734,0.0057985266681,0.00312356807713,0.00443856086452,0.00357917945479,0.00898382436151,0.0326299721383,0.00446981203973,0.0034760852377,0.00319349979595,0.00756984947275,0.00351987505764,0.00374982922715,0.00582281606426,0.00389215251238,0.799834310164
0.000219953127893,0.0,0.0,0.000186332097346,0.0,0.0,0.000290953898198,0.0,9.12964018846e-05,0.0,0.0,0.000386305220654,0.0,0.000197972393526,0.0,9.04499540059e-05,0.00029831076191,0.0,0.000337586263822,0.000165124280416,0.000322844245184,0.0,0.000210575232322,0.00031372256569,0.000399716551983,0.000151872055865,0.000195250485262,0.000728579704912,0.00044145236936,0.000247710402713,0.00102240695723,0.000648641654403,0.000595266926386,0.000923181357476,0.00182498424906,0.00214914217434,0.00464467077472,0.0238418757682,0.00639757719822,0.00450602959202,0.00117530015739,0.00176709826765,0.00149147710469,0.00158440705418,0.00917414229908,0.00296997612638,0.00305399919615,0.00545614231786,0.0142961140768,0.0385231367256,0.0106960677642,0.00308912634161,0.00338827148258,0.0193180241282,0.00167330438915,0.00179969142608,0.0129737185501,0.00253339945176,0.0013000197925,0.00243085884376,0.0208510599865,0.0722275463459,0.00781820357909,0.00308530963542,0.00274791460376,0.00999840757872,0.00133180616027,0.00137352411172,0.00686246891769,0.00189429596251,0.00155474495251,0.00207663492618,0.00692672872124,0.0243243384086,0.00470560044666,0.00543508834892,0.00132966955794,0.00273372619079,0.00186720552969,0.00785778705276,0.0326503965746,0.0048609894922,0.00236295296971,0.00269641416639,0.00679343247766,0.00241649961969,0.00272850904313,0.00282841820355,0.00494485970651,0.66525917798
0.000267881304197,0.0,0.0,0.000110076532521,0.0,0.0,0.000201447612465,0.0,0.000135275325417,0.0,0.0,0.000283143845119,0.0,0.00024113231388,0.0,8.415833553e-05,0.000318329304626,0.0,0.000305272233173,0.000170907493622,4.30801935614e-05,0.0,0.000189492889423,0.000338956259366,0.000361807500369,0.000122464142832,0.000304631677162,0.00088648737987,0.000359223236714,0.000263921206068,0.000873744268047,0.000343197827895,0.000982160047647,0.000925988366719,0.00172493191208,0.0027739126354,0.00765766544749,0.0214847164799,0.00594288243799,0.00255452132329,0.00177377792593,0.00148810986336,0.00084771958135,0.00328299693454,0.0118499467102,0.00280197304234,0.00175341651718,0.00194780357807,0.0134832991231,0.0462959683494,0.0124231712918,0.00297075295423,0.00246048037848,0.0189704290471,0.00405404790563,0.0027116181259,0.00971563318211,0.00252267480501,0.0023477861986,0.00271470220269,0.016047279554,0.0428798724568,0.0171750707602,0.00693273715905,0.00527703727865,0.0108148730073,0.00357273245207,0.00349206932498,0.00731266488594,0.00337399352612,0.00319548707558,0.00322342069148,0.00667162533606,0.01768308558,0.00464821751713,0.00441038639521,0.00161496499489,0.0027497026069,0.00180523470408,0.00570019988374,0.0252725436398,0.00725883932728,0.00350527423327,0.00298645601372,0.00769330141659,0.00358959779023,0.00337667646772,0.00338129245067,0.00503500913083,0.108349300517
0.000764010843433,0.0,0.0,0.000918200456911,0.0,0.0,0.000792097638904,0.0,0.000748972498105,0.0,0.0,0.000918060008293,0.0,0.000623773719176,0.0,0.000311584630028,0.000580506231259,0.0,0.000799378777225,0.00053732427709,0.000512992407701,0.0,0.000771600288367,0.000597731898127,0.000220324406791,0.000382079711463,0.000476626421654,0.000956218483295,0.00114507501326,0.000955292339209,0.00136915265494,0.00129970135455,0.00221203933705,0.00161710145785,0.00135260563772,0.00410856368435,0.00321155111482,0.0186600018791,0.00308709652217,0.00380726431911,0.00514620387983,0.016868680616,0.00702578850008,0.0040947918703,0.0109130978464,0.00466727494696,0.0117203608676,0.00633303351369,0.0130484781379,0.0321140850056,0.00784966957827,0.00750703933138,0.00644241065769,0.018286548818,0.00592996047753,0.0220383703247,0.0114682215147,0.00628922978746,0.0246549852526,0.014545911889,0.0556213196486,0.0413680636334,0.0153349253193,0.00740895906233,0.00500001420789,0.0267997530316,0.00788373438342,0.0215615932881,0.00748200869074,0.00732749643454,0.0258434558676,0.00964723582105,0.040208091746,0.0191523424015,0.0111380210269,0.0127084069577,0.0222546174983,0.0313946281242,0.0199113106626,0.0595409969972,0.0276796829861,0.0235506843456,0.0312811305396,0.0198388833511,0.0494041155288,0.0275295006151,0.0309777850425,0.0560234068649,0.0396337362019,0.665634594321
0.000804158721327,0.0,0.0,0.000598457117783,0.0,0.0,0.000577650705215,0.0,0.000156607480657,0.0,0.0,0.000716392702056,0.0,0.000323046680932,0.0,0.000475150889365,0.000473467208899,0.0,0.00102147865487,0.000913266780367,0.000869635946533,0.0,0.000455448385845,0.000527965257315,0.000158535472709,0.00048373606834,0.000147990862098,0.000328144244161,7.41943212684e-05,5.810089618e-05,0.000393201550023,0.000240921175909,0.000458646169152,0.000207553364171,0.000767621060058,0.000827855512224,0.000890085989372,0.00307049990985,0.00411071957596,0.00357095876833,0.00229768292255,0.0169490030978,0.00448165850685,0.00294538234204,0.00663790208398,0.00627092992016,0.0212049398015,0.00910591148035,0.0160753641295,0.0211912396746,0.00717258254137,0.00436357704009,0.00825145067717,0.0320830388709,0.00660659282377,0.0264283414662,0.00990659396664,0.0125477090903,0.0393567490292,0.0129522025684,0.0483556579689,0.021375718023,0.0118255911344,0.00371475061178,0.00185626890881,0.0162354440507,0.00757941417557,0.02684380427,0.00276201478079,0.00137220523694,0.0217927729094,0.00309606946862,0.0494714824491,0.00844594358626,0.00198107276254,0.00721602991694,0.00278412751413,0.0273303403951,0.0069131939227,0.0419645385739,0.0144176764497,0.00808083318672,0.0291118833249,0.0230984197094,0.0505526109225,0.0281847372458,0.0199114321766,0.0121155404834,0.0479324603106,0.876133561079
0.00111840354565,0.0,0.0,0.00101442111541,0.0,0.0,0.000621667100228,0.0,0.000768569697072,0.0,0.0,0.000544189574853,0.0,0.000712477486962,0.0,0.000140765822648,0.000851959123025,0.0,0.000802721026238,0.000125530223603,0.000417686705317,0.0,0.00012114043703,0.000626792593021,0.000224405080692,0.000541125432409,0.000268382588071,0.000645475696056,0.000133866856716,0.000352714120552,0.000624423286151,0.000121261256432,0.000354340215413,0.00025503196257,0.00026869026002,0.000539828944398,0.00148450830508,0.00276190229068,0.0010899936106,0.0023784582703,0.00332040754585,0.0274340780584,0.00219085321223,0.00215544276087,0.00178791753332,0.00382776359928,0.030242359814,0.00794187654266,0.0190628102968,0.0141361196029,0.00394390255342,0.00254868344679,0.00457839372606,0.0347909930483,0.00677306537407,0.0335531656387,0.0109647120922,0.00883125346569,0.0394549594818,0.0147882807397,0.0845670186739,0.0172834258148,0.00746384150572,0.00726831144828,0.0038424549487,0.015935473526,0.00584696526641,0.0311463390107,0.00428438838277,0.0040352056943,0.0254075756016,0.00721301486627,0.0429798559046,0.00963982095356,0.00644449122562,0.00321246974481,0.00436676910243,0.039750367405,0.0101837519273,0.0369073059004,0.00646786105054,0.0224492457472,0.0309671188653,0.00982887136504,0.0493903417295,0.00584313694343,0.0277215402935,0.0275236309996,0.0198548568324,0.516854363884
0.000192760946324,0.0,0.0,0.000274454559889,0.0,0.0,0.000253770660629,0.0,0.000428594271889,0.0,0.0,0.000397242053423,0.0,0.000241584926957,0.0,0.000249962480985,0.000290677914071,0.0,6.0418511923e-05,0.000306432808934,0.000192918983981,0.0,9.53907885701e-05,0.000233514874888,0.000297609692133,0.000295817307369,0.000151618564304,0.000265394492338,2.46647733891e-05,0.000125709659283,6.31944800594e-05,5.09614754872e-05,0.000426979329423,0.000189717186588,0.000364712186653,0.000752109156027,0.00127754961549,0.00266723119388,0.000819562762541,0.00300388474058,0.00221319821079,0.0230418947146,0.0033131965893,0.00399627357715,0.00548292814379,0.00667796246757,0.0338064887379,0.0112145895295,0.0339479102897,0.0103981855657,0.00220305086932,0.00281306482491,0.00676333719917,0.0290885434785,0.00623005417237,0.0275345647922,0.0115381297748,0.008478406877,0.0399614907885,0.017190383813,0.059100732823,0.0180020382945,0.00443691626296,0.00212578344814,0.00357862163007,0.0116029218434,0.00363893519412,0.026123915057,0.00324395580552,0.00293659039299,0.0241565585339,0.00481838634217,0.0351294162737,0.0077131697238,0.00638823373073,0.00197026344054,0.00218298862692,0.043977211448,0.0100599674744,0.0261386446642,0.00891456386538,0.00970642306868,0.0415596943745,0.0117654177983,0.0524907673929,0.0316991540767,0.0430564144129,0.0345946064862,0.0673405971905,0.912902730776
0.000894751336314,0.0,0.0,0.000585299384872,0.0,0.0,0.000650137236386,0.0,0.000241541890821,0.0,0.0,0.000308274271051,0.0,0.000217923788994,0.0,0.00033280636263,0.000330291789834,0.0,0.000265425291238,0.000334306197467,6.84320030185e-05,0.0,0.000329122038284,0.000417357295064,0.000277046994493,0.000144512548869,0.000232170912043,0.000456401180111,0.000206083325268,0.000201969232643,0.000659802191532,0.000407564098618,0.000660786416573,0.000552612657888,0.000450107135936,0.000939276855057,0.000720974350907,0.00152345739754,0.00236652087929,0.00372837915736,0.00170830400371,0.023317823245,0.00676356964332,0.00194741531633,0.00214694073909,0.0106739238005,0.0398928330862,0.0163344058875,0.0215463276177,0.00693272186035,0.0020699900833,0.00235378901311,0.00579787618878,0.0276105451423,0.00460714696553,0.0216715174823,0.0113449752746,0.0106508438978,0.0359334969236,0.0160787003162,0.0681771445941,0.0105444817471,0.00621408242528,0.00332393873419,0.00333494344438,0.0118229496413,0.00464462971366,0.0212535273823,0.00153538279641,0.00260575399704,0.0124236265847,0.00298892236272,0.0251518018873,0.00513480326573,0.00310908227522,0.00266077925865,0.0048582153675,0.0287646867183,0.0062995000106,0.019673636387,0.00365472891654,0.00674493576382,0.0258085889035,0.00292094156764,0.0437675264545,0.00603354376405,0.0146736275403,0.00921621924933,0.0216251869342,1.14775176196
0.000357057576748,0.0,0.0,0.000396467381857,0.0,0.0,6.32440682448e-05,0.0,9.0089175521e-05,0.0,0.0,9.29896921108e-05,0.0,0.000255393802254,0.0,6.13492404564e-05,0.000191176753686,0.0,0.000123896241567,0.000159626442696,0.000144695029845,0.0,5.19449272864e-05,4.79575901296e-05,0.000226756248587,0.000169948247882,8.57186307662e-05,0.000236137546596,0.000200837558336,0.000270908034458,0.000195486129576,0.000264301254832,0.000311821706069,0.000164613798379,0.000426343588014,0.000676438493614,0.000404199824092,0.00118827295161,0.000850980458311,0.00329453748783,0.00316881845293,0.0224760039655,0.00473652122313,0.00266893288199,0.00369600041885,0.00680957091788,0.0456888141178,0.00870439374378,0.0256935788678,0.00457581868785,0.00145957889862,0.00269329233343,0.00792173902137,0.0328685700455,0.0062921059968,0.0251528899066,0.00991895167167,0.00916569445587,0.0317457496642,0.0151001178082,0.0554316560027,0.0103530755618,0.00324613588356,0.00318757558944,0.00305514696763,0.0117455894721,0.00499996673802,0.0202379147091,0.00344975180154,0.00355055982534,0.00688968130844,0.00454645517388,0.0265518839417,0.00426618632283,0.00417391350527,0.00396763738913,0.00428246668652,0.0340509140564,0.0123764398962,0.0210644491643,0.0100617401699,0.0122430425981,0.0395408975984,0.0162448471225,0.0467270416307,0.0460890439691,0.0407100609687,0.0365390070756,0.0346381226064,0.996889377308
0.000243493339812,0.0,0.0,0.000288036501647,0.0,0.0,0.000124759750138,0.0,0.000275137643848,0.0,0.0,0.000268549075754,0.0,0.000253527712094,0.0,0.00021159068807,0.000202321048616,0.0,0.000266752157358,0.000262575652498,0.000156293051926,0.0,0.000283234205634,0.000231759289682,0.000243636456378,0.000340981865216,0.000212513224831,0.000248820879113,0.000180555760001,0.000341618776501,0.00068970632025,0.000326947888172,0.000792899093969,0.0003087566316,0.000774942151388,0.00104658409367,0.000927434056679,0.000724001055862,0.00124185367813,0.00318920806603,0.00271982616065,0.0264088648311,0.00573044735995,0.00302204591978,0.00144477512414,0.00441809782376,0.0453787866678,0.00922726016171,0.0287161366422,0.00586571332412,0.00312432838042,0.00194071606478,0.00584251211651,0.0301255869867,0.00475325824239,0.025875782373,0.00436460396962,0.0055979020811,0.0328990019863,0.0091343155317,0.0352607630747,0.00723524955484,0.00197928865545,0.00149485999044,0.00281367681186,0.0106988663742,0.00311291152248,0.0228235184668,0.00295060052454,0.0021611511759,0.00682930967428,0.00384940881735,0.0214192373098,0.00386570739261,0.00579075760583,0.00312100085844,0.00609943701504,0.0277934996058,0.00791293226571,0.0149595164773,0.00871946280871,0.0100886971045,0.0245284235026,0.0110140814824,0.068397570633,0.0214894372822,0.0267729835475,0.0231973842233,0.029996039015,0.742292511998
0.000393084371811,0.0,0.0,0.000378097735361,0.0,0.0,0.00029692372314,0.0,0.000324963176735,0.0,0.0,0.000357024708946,0.0,0.000285359818552,0.0,0.000205818566253,0.00018105328051,0.0,0.000350757274486,0.000360704140905,0.000461461732923,0.0,0.000319780688374,0.000295160109504,0.000328171777348,0.000285109554273,0.000312571472754,0.000548089645403,0.000354001497913,0.000403328616049,0.000614636320755,0.000348078694538,0.000591026912166,0.000254686474526,0.000777876926258,0.00106773330565,0.00096577260338,0.000975726734838,0.000749587763399,0.00160426328831,0.00112677986196,0.0265949105538,0.00382663797709,0.00286537770879,0.00520694323593,0.00777325934111,0.0440913089828,0.00923660566088,0.0172853810515,0.00340582646924,0.0036491273303,0.00220624125915,0.00644195016592,0.0341523240342,0.00487687741665,0.0279489991394,0.00578108083329,0.0056665917303,0.0317221958211,0.00706414953363,0.0363213932214,0.00556903889241,0.00251856006632,0.00157748527573,0.00226568534781,0.0073419518013,0.00233592617007,0.0170378808738,0.00132272415382,0.000625896518741,0.00664317815474,0.00286802351955,0.0166481056796,0.00360756759275,0.00674580997917,0.00184534113713,0.00340679011847,0.021619982602,0.00596806547489,0.0115906247677,0.00306559583476,0.00543705019754,0.0220312120502,0.00499280194803,0.0366637026342,0.00490919809104,0.00985171893476,0.00565305153496,0.00974529654392,0.328420912276
0.000407393123909,0.0,0.0,0.000421992141489,0.0,0.0,0.000458204897155,0.0,0.000471365858099,0.0,0.0,0.000331265109803,0.0,0.000485914879763,0.0,0.000445698725068,0.000473607891426,0.0,0.000403235872199,0.000492828445163,0.000422984115552,0.0,0.000493279989777,0.000413781329859,0.000457213173161,0.000515922276975,0.000445099148679,0.000952408903746,0.000551629514876,0.000345845550916,0.00107199168648,0.000626376408126,0.00106345239387,0.000625655586142,0.000977713185581,0.000969580931786,0.00149425888744,0.002152861395,0.0013984332857,0.00328537477605,0.00164821127051,0.0236919290914,0.00551286509069,0.00569706303763,0.0050777757995,0.00855937573343,0.0415613867047,0.00712477290498,0.0161850956213,0.00352209234606,0.00261305567863,0.0020830442355,0.004628880036,0.030349911811,0.00580295417796,0.0176719627231,0.00613631422835,0.0054404681558,0.0241638115707,0.0143864905279,0.0325300701635,0.00392154280358,0.00294289991142,0.00258805859328,0.00266962640508,0.00945338454508,0.00350009732097,0.0132521151429,0.000806115463763,0.00273970298967,0.00579321310849,0.00403700067684,0.0132652892234,0.0024973290224,0.00241867685344,0.001614386498,0.00597402259205,0.0198250954387,0.0106264450063,0.0125834370312,0.00973204051919,0.0117621144865,0.0302485572753,0.0220360340988,0.03846333494,0.0442818621929,0.0274953487779,0.0262845406491,0.0264231650068,0.712390469022
0.000419105475615,0.0,0.0,0.000312800956373,0.0,0.0,0.00039543306171,0.0,0.000402974011436,0.0,0.0,0.000361955133591,0.0,0.000538580756248,0.0,0.000492555665889,0.000540972551759,0.0,0.000202980774701,0.000703210030632,0.000683833720992,0.0,0.000438764340384,0.000432413693256,0.000336276481764,0.000548065203199,0.000529860051307,0.000869437611236,0.000738212980216,0.00077520185745,0.0010530664326,0.000521573209516,0.000841077507617,0.000627741307818,0.00122094269064,0.00118109248839,0.00134059393796,0.00158904510714,0.00140413366003,0.00347745660532,0.00389191574484,0.0225755697548,0.00564741028119,0.00271352153641,0.00521443520384,0.00502572680501,0.0462837497305,0.00745195112756,0.00870147679399,0.00419650512932,0.00268928036598,0.00165254937246,0.00540532209393,0.0286209706837,0.00398614214899,0.0289561290326,0.00483137601171,0.00337869085247,0.0223292186989,0.0122049765991,0.0235283534662,0.00300939421764,0.00134053700076,0.00187718796858,0.00233341605981,0.00718476959131,0.00378427681359,0.0161729770105,0.00404948611349,0.00209375985186,0.00626464878007,0.00360685471713,0.0160413299645,0.00374674363571,0.0111805554948,0.00406921406109,0.00444314370399,0.0183014233468,0.0050097164396,0.0110040516255,0.00635611849007,0.00850943758115,0.0229806146069,0.0116948741155,0.0381606779654,0.017322524249,0.023310693014,0.020526736392,0.0275291892374,0.953160257072
0.000371701107771,0.0,0.0,0.000319318088925,0.0,0.0,0.000360471780574,0.0,0.00031383927471,0.0,0.0,0.000318275633441,0.0,0.000306100639371,0.0,0.000353431078623,0.000464772958642,0.0,0.000323500050805,0.000108495381628,0.000359063904657,0.0,0.000441974315638,0.00021229673687,0.000344726975467,0.000279747463452,0.000248792414976,0.000548603557398,0.000309289961286,0.000258874321059,0.000763021856841,0.000212446105119,0.000866237995068,0.000355486454026,0.000778167072789,0.000724538588061,0.00099364379225,0.000848142614314,0.000727384424167,0.000668067994274,0.00210636096561,0.0196331901756,0.00462628542097,0.00453618011959,0.00488646827916,0.00718140300781,0.0403295443521,0.00917969020696,0.0116473266178,0.00287158097403,0.00130502150363,0.00155133031038,0.0044952109108,0.0266596268859,0.00559322168131,0.0230452024017,0.00793201591204,0.00303416801383,0.0209053593441,0.0100393136281,0.0277655434124,0.00296056423611,0.00125610867592,0.00138413045648,0.00149455446368,0.00493804958546,0.00215747003979,0.0116493020677,0.00198987916581,0.00163119738979,0.00431952951454,0.00239715142785,0.0100534187241,0.00278730857048,0.00867297129981,0.00273406777972,0.00222197438304,0.0129451835733,0.00478428498796,0.00809338574073,0.00546490125978,0.00596898154077,0.0173702176382,0.0065388873557,0.0219384543954,0.00877758494403,0.0201100205348,0.0171861367584,0.0170572150251,1.08909808958
0.000567042694857,0.0,0.0,0.000460634940325,0.0,0.0,0.000565604548355,0.0,0.00045807101156,0.0,0.0,0.000358849290553,0.0,0.000380624117389,0.0,0.00033161618273,0.000382672593515,0.0,0.000530514657392,0.000513773497136,0.00059097124222,0.0,0.000544884833854,0.000454517545001,0.00032310430916,0.000257694222765,0.000405532105743,0.000947971658577,0.000554883712165,0.000663350954937,0.00103123144223,0.000245600765412,0.00118499439745,0.000533371459578,0.00143110538529,0.00115527911778,0.00110163742885,0.00198715898325,0.00107745084497,0.00331038932887,0.00565342429397,0.0243511144695,0.00352961449029,0.00186295057518,0.00402914635013,0.00650839907013,0.0437720607904,0.00943020600969,0.0110114270103,0.00251926842408,0.00143904426659,0.00127033721805,0.00462681978778,0.0262171229233,0.00439229898729,0.0243665418062,0.00729051535469,0.0024691182271,0.0154433645215,0.00589714192714,0.0291008167369,0.00313892907288,0.00183170315971,0.00197584803202,0.00203299929161,0.00345720229163,0.00162493672458,0.0101253090541,0.00241809321567,0.00314051015776,0.00520313180921,0.00269284096686,0.0102225132532,0.00468887743043,0.00536345899802,0.0044357931416,0.00429052400357,0.0136485731356,0.00432471870767,0.00634657294685,0.00814732838424,0.00845600105018,0.017965115149,0.0154902458178,0.0266943554991,0.0186693871798,0.0197245802264,0.0376703091486,0.0342576708578,1.07669579029
0.000732318579376,0.0,0.0,0.000455022155741,0.0,0.0,0.000484793913457,0.0,0.000411308553134,0.0,0.0,0.000692565434526,0.0,0.00037164721208,0.0,0.000304892888925,0.000240589703923,0.0,0.000411471268273,0.00022538468451,0.000261703891523,0.0,0.000330044154163,0.000517363291423,0.000453706175733,0.000530517814809,0.000413114021998,0.000697766706597,0.000224368006293,0.000415071852043,0.000755065823693,0.000346898656486,0.00130282842841,0.000548842298432,0.00121773643514,0.00104896375126,0.00125891491205,0.000648108021019,0.000369025685956,0.00292570594372,0.00223563210063,0.0243377932042,0.00682849587417,0.00397190026439,0.00407340469948,0.00489701396235,0.0332437921758,0.00986291251332,0.0363340804431,0.00759817656278,0.00419110991088,0.003592371115,0.00626788600584,0.0267902025133,0.00555700689154,0.024438116738,0.00513335766404,0.00453812255905,0.0151460060625,0.0137512744376,0.0616418606497,0.0199072782608,0.00465801799304,0.00643321412413,0.00390655215512,0.00431784613049,0.00258351693374,0.00643071655241,0.00301894161244,0.00256833023788,0.00565074005448,0.00243505178003,0.0204339338229,0.00409105014504,0.00265777424612,0.00280986842505,0.00311012758479,0.00973680341783,0.00438147396746,0.0285438336923,0.00452869893453,0.00358796674584,0.00834845145197,0.0034302081224,0.0100320248012,0.0028906260398,0.00468946146743,0.00571848205607,0.016968113823,0.670330507365
0.000527325899991,0.0,0.0,0.000275442069433,0.0,0.0,0.000487834906778,0.0,0.00015818324804,0.0,0.0,0.000620477769079,0.0,0.000221425788261,0.0,0.00048479163458,6.85925892114e-05,0.0,0.000468488242842,0.000185943940013,0.000432846393947,0.0,0.000234091100465,0.000541821228644,0.000318558784263,0.000557294900066,0.000270944222093,0.000649291422033,0.000429183770836,0.000104602476776,0.000642974758442,0.000457456100287,0.00064903739245,0.000186412933782,0.000695344990275,0.000666434504519,0.000651673927226,0.000873069780705,0.00157729847835,0.003817544448,0.00207841625904,0.0165812902953,0.00440966436234,0.00235282465323,0.00194640400147,0.00632544811513,0.0383277221612,0.00947725215581,0.0465370279252,0.0078760877604,0.00138558690144,0.00131799466191,0.00302698721404,0.0211541219394,0.0045000151172,0.024338122063,0.00387168455401,0.00464048928092,0.0120213014769,0.0160517041194,0.0783892014855,0.0108518768782,0.00480501351086,0.00339790021992,0.00243648099195,0.00413218435849,0.00132668100455,0.00614425556184,0.00175091055003,0.00147800794886,0.00381379075583,0.00306394694112,0.0187586110139,0.00431773043378,0.00135580798847,0.00121702621166,0.0013917696845,0.00716896123979,0.0034316802627,0.0292893860848,0.00357230964776,0.0018814198146,0.00633895523433,0.0015297518238,0.00847058108565,0.00151783436592,0.0037335124391,0.00549281395848,0.0139335444299,0.641412086608
0.000157836283906,0.0,0.0,0.000263302778985,0.0,0.0,0.000182285614607,0.0,0.000112541902778,0.0,0.0,0.000206140320602,0.0,0.000159312363346,0.0,9.54115713285e-05,0.000116096455332,0.0,0.000148909315698,4.45857030755e-05,9.65730620432e-05,0.0,6.76516207749e-05,0.00021603725897,0.000100202199283,0.00027386199405,0.000121000173802,0.000417517892799,7.33072279687e-05,0.000183258733211,0.000280040960995,8.91479629929e-05,0.000293599263796,0.000114453855161,0.000513189561507,0.000570074713362,0.000481998559616,0.000470691719047,0.000477415474311,0.000951972284604,0.00180299473651,0.0204481632602,0.00502616674025,0.00394198565432,0.00365972057452,0.00658912073441,0.0360630608863,0.014982075277,0.0471457689713,0.00710650152348,0.00104958296994,0.00152948811853,0.00250297420946,0.0221549846264,0.00678157305135,0.0234888772505,0.00389077392413,0.0035755125092,0.01175876094,0.0158873754952,0.0768322539825,0.0160323021033,0.00336838419747,0.00258692629547,0.00144483378317,0.00179516771611,0.00121332874609,0.0053987565542,0.000936929240006,0.000232389506596,0.002701798601,0.00251021265415,0.0144161429874,0.00474508844839,0.00115642257146,0.000732721307241,0.000562056471756,0.00857053196161,0.00542543364308,0.0203034660709,0.00379799814834,0.000945428942386,0.00508949331168,0.00106745404773,0.00601166630808,0.000941138736056,0.00239223831106,0.00281385789148,0.0110587495309,0.0829834336166
0.0026814607607,0.0,0.0,0.00224491503827,0.0,0.0,0.00186271202197,0.0,0.00148939346671,0.0,0.0,0.00127066896363,0.0,0.000931352447354,0.0,0.000657959191598,0.000469146200111,0.0,0.00057438582089,0.000643696624366,0.000936415780323,0.0,0.000924883059144,0.00108181724274,0.000933085643093,0.000777015172436,0.000729965050007,0.00118894371308,0.00100027865723,0.00119284124914,0.00216429131779,0.000835978861674,0.00150439479838,0.00117995926411,0.00276938230749,0.00275747447741,0.00141940436296,0.00214605315932,0.0033436794504,0.0069143863046,0.00540283109203,0.0201563610795,0.00484651282954,0.0035575279256,0.00408434781204,0.00493158956963,0.031889508402,0.0100100667245,0.0284113968634,0.00688819107775,0.00688893250641,0.0118418730782,0.00971312540839,0.0208463310176,0.00894949527603,0.0291341335537,0.0219729354697,0.0141103162688,0.0173599503324,0.0162805441009,0.0588393347802,0.00961797821595,0.0169608179942,0.0278832391353,0.0114373708488,0.0526381272596,0.013171343368,0.0215840894719,0.0105972119338,0.0102829310597,0.0498575343205,0.0125213635681,0.0109854276414,0.0105430263024,0.0253890816899,0.0191059395983,0.00643125191235,0.0107513493422,0.00748680442372,0.0255687944366,0.00711089813227,0.0110512156243,0.021240517541,0.00946268820513,0.0338617475981,0.0289913774184,0.0545287923333,0.0194742775972,0.0217631788266,0.489190305806
0.00165019798125,0.0,0.0,0.00113812443986,0.0,0.0,0.00124252160763,0.0,0.00108374117497,0.0,0.0,0.000877357932461,0.0,0.000447126624765,0.0,0.000625685211333,0.000403463988928,0.0,0.000324466453938,0.00040610627158,0.00018996876872,0.0,0.000648150578623,0.000484622843642,0.000139578428443,0.000430009891791,0.000477065229184,0.000452561436516,0.000316007803083,0.000275988993599,0.000397558929579,0.000245929419424,0.000740560920847,0.000254134209045,0.000518539494584,0.000873519298354,0.00182110989299,0.00108049273333,0.00125825303195,0.0180537180832,0.00432650564762,0.00869365240641,0.00325365609609,0.00182593628403,0.00373698640363,0.00305316292266,0.0270173928728,0.0105786396325,0.0205054787388,0.0116860350498,0.0270491299394,0.028562095745,0.0121939254799,0.0268544820309,0.0112264344213,0.02311558872,0.00790248445168,0.00503611483852,0.0208915132527,0.0139747418304,0.036321004299,0.0101159919435,0.0330445363964,0.0262805607221,0.00825549739001,0.057254307717,0.0126147834288,0.0316624495956,0.00756183374404,0.00804179709728,0.0414803448981,0.00700655782129,0.00761806487302,0.00473706309,0.0269194011279,0.0316510143032,0.00361469531471,0.0203453037976,0.00283788061628,0.0290384922172,0.00813019740208,0.0174919481963,0.0424455875389,0.0139269415875,0.0418439907627,0.0259288165021,0.05310520012,0.0313200969647,0.0279849002146,1.00790280834
0.00129649287173,0.0,0.0,0.000455296846179,0.0,0.0,0.000637717688539,0.0,0.000399551182251,0.0,0.0,0.000509298214131,0.0,0.000946362986258,0.0,0.000843161247188,0.000900015081791,0.0,0.000851224805243,0.00106473224725,0.000897470934673,0.0,0.000435834621847,0.000797358423473,0.000328923961665,0.000415403178116,0.00060259693008,0.000959537489538,0.000506218412359,0.00056331069588,0.00116243171496,0.000572300032434,0.00109777079535,0.00062594089694,0.00143387215986,0.00142616113984,0.00159292827584,0.00253565669691,0.00495964722682,0.0121720778441,0.000966724083217,0.00719997138189,0.00465565117858,0.00505899969994,0.00307576202942,0.00587943011742,0.0353439819659,0.0112245073973,0.0110703447787,0.00944703732441,0.0220994160738,0.0355519130882,0.0129125513057,0.0432054076554,0.0108689825077,0.0191859567827,0.00581318895326,0.0103067576974,0.0520454560221,0.019556616317,0.022000580267,0.00673596609559,0.0198522182076,0.0273247478694,0.0138308000714,0.0738667037863,0.0114714546521,0.0301357749167,0.00732418574615,0.00485784112581,0.035205211155,0.00401950877896,0.00334091927013,0.00531258316167,0.0252184246192,0.0382367422758,0.00854561136313,0.0278488679378,0.00784853588991,0.0236534063279,0.0144415486854,0.0160044044221,0.0397530227121,0.0135549649839,0.0346777557231,0.0260613820224,0.0350806597848,0.0381475004496,0.0217004855167,0.628503471645
0.000471042677832,0.0,0.0,0.00103664575572,0.0,0.0,0.00073547748648,0.0,0.000518766128306,0.0,0.0,0.000802743685031,0.0,0.000629322570684,0.0,0.000354701530193,0.000224989025162,0.0,0.000454510558577,0.000541913714713,0.000296096316252,0.0,0.00060571233162,0.000913821414668,0.00077958965872,0.000447924904831,0.000650362557318,0.00131597586264,0.000539187480744,0.000592364672593,0.00115412023301,0.000558729181341,0.00111453785053,0.000585014737078,0.00152774009548,0.00176452620259,0.00187020114995,0.0022283977057,0.00393622882197,0.0193672008127,0.00115515062619,0.00579488725937,0.00191905902204,0.00214416778174,0.00417583618799,0.00931053539973,0.0351567151328,0.0135514054469,0.0068372732048,0.00628283643582,0.0298286707698,0.043811957633,0.0073779379159,0.0480995760259,0.0105513938638,0.0256786137728,0.0074132392766,0.00683646860738,0.0649608793709,0.0127183556468,0.0166246265613,0.00739810594561,0.0189736468163,0.0205807632363,0.0166194751978,0.052946677249,0.0113648120469,0.0300771753147,0.0038815242452,0.00196193730681,0.0278405008873,0.00678195897811,0.00470009409926,0.00588840054641,0.0184079562423,0.0400209927866,0.0100266167179,0.0243915533752,0.00860081524359,0.0215295683754,0.00628823302595,0.016785458538,0.035196324254,0.0244458349099,0.0334652782138,0.0436127686838,0.0492564040143,0.0372139896734,0.0454941321636,0.946564165047
0.000385445456574,0.0,0.0,0.000519979814546,0.0,0.0,0.000239958420727,0.0,0.000131395119314,0.0,0.0,0.000374342872406,0.0,0.000370443624851,0.0,0.000172491326094,0.000334018841778,0.0,0.00030704479335,0.000368652651808,0.000182912508691,0.0,0.000114497078736,0.000275734267631,8.46189759138e-05,0.000307681195461,0.000220389478539,0.00039138725917,0.000328170806537,0.000172986635415,0.000495968769502,0.000198325244329,0.000444740888846,0.000350684657265,0.000399349183667,0.000741479179404,0.000667367757041,0.00143872287227,0.000809322084358,0.021513397459,0.00237516907421,0.00263971019632,0.00226968237774,0.00162155550223,0.00314149689262,0.0046511592386,0.0427116035825,0.00984809746336,0.00594309336203,0.00679082007573,0.0168503938131,0.0328232194764,0.0102022248209,0.0335863211747,0.00995015993272,0.034713695303,0.0084892191162,0.00658348789414,0.0341281902817,0.00657472637829,0.0110537687666,0.00479659913475,0.0203928593256,0.0116755453169,0.00858422658338,0.0438904904889,0.0112930278035,0.0286496768721,0.00490571052475,0.0025596040622,0.0270224145342,0.00361325000736,0.0017157032456,0.00255399996056,0.0146177680594,0.0272475982979,0.00568748892934,0.018077276938,0.00700688527829,0.0151851106477,0.00325911323453,0.0146869988827,0.03447845323,0.0095460796481,0.0199368842551,0.0151076731273,0.0307931907993,0.0162184210017,0.026791586809,1.78150147761
0.000613893757711,0.0,0.0,0.000705496870419,0.0,0.0,0.000559419512289,0.0,0.000602242724753,0.0,0.0,0.000498242158677,0.0,0.000628856209866,0.0,0.000491155322258,0.000440280324156,0.0,0.000732086228394,0.000526866191737,0.000463905430373,0.0,0.00023707728367,0.000514692617655,0.00080180193855,0.000376651471358,0.000675450452288,0.00106721912064,0.000635360294206,0.000456986030669,0.0010435250685,0.000605198642626,0.000984178039476,0.000688704274238,0.00137336855284,0.0016711989797,0.00191551528439,0.00125974694684,0.00276546316092,0.0165519822127,0.00160385720568,0.00377531282317,0.00289070047723,0.0023658256955,0.00418315401004,0.00780416133625,0.0394072397121,0.00785419357076,0.00648860598424,0.00377628647964,0.0269508350387,0.0306421453953,0.00779525381243,0.027958470926,0.0118707253734,0.0233453222455,0.0065110256925,0.00300169434061,0.0526323903799,0.00794611446627,0.00928377756467,0.00421837213462,0.0177062335423,0.0125952743179,0.0122677477234,0.0305450602883,0.00807856438467,0.025001737711,0.0040969901582,0.00300276373078,0.026107114306,0.00451613810959,0.00270987865184,0.00555394643118,0.00783901807637,0.0298736026479,0.00511079598681,0.0152615127986,0.00688400784966,0.0108436712623,0.00898416119092,0.0150224711119,0.0318463152039,0.0113063230765,0.0289339726922,0.0413120235184,0.0668439369989,0.0417545060314,0.0525820973226,1.43579160946
0.000934888965788,0.0,0.0,0.000645422335776,0.0,0.0,0.000464937105558,0.0,0.000546675514818,0.0,0.0,0.000488860970607,0.0,0.00067622625083,0.0,0.000434946900774,0.000632457211675,0.0,0.00047512870829,0.000439567144945,0.000551885102252,0.0,0.00051344326367,0.000525603759301,0.000431279363615,0.000578957026405,0.000388990621943,0.00070654753914,0.000446449441885,0.000365343386078,0.000987667765151,0.000351723845051,0.000906266863162,0.000503711046206,0.00104206791349,0.00112327112705,0.000911119607051,0.00100354220319,0.00228345369651,0.0157638103056,0.00206721022929,0.00245139704764,0.00292384073388,0.00281136164577,0.00402508300089,0.00917554669421,0.0356941345369,0.00878879334471,0.00589063328459,0.00432015587552,0.0222214796982,0.0390209440974,0.00535255510728,0.0195425688876,0.00657154315049,0.0296159398021,0.00594432563173,0.00345311580455,0.0358393658427,0.00414354623124,0.00555403897848,0.00313739374291,0.0161238017861,0.00604832811556,0.00739692779645,0.022835575421,0.00688711411095,0.0194828495651,0.00279370501783,0.00262454504836,0.0225924218369,0.00477365419059,0.0024550885108,0.00233492111113,0.00969168098629,0.0249578306472,0.00675945984688,0.0127251802422,0.00682665883165,0.0131723583372,0.00770223363935,0.0141069639882,0.0265885211241,0.00466035435959,0.0156901968232,0.0228814842803,0.031051970484,0.0181560925055,0.022698253659,0.877239679522
0.000259170352307,0.0,0.0,0.000275388351085,0.0,0.0,0.000319780729117,0.0,0.000217472965086,0.0,0.0,0.000172501372026,0.0,9.320970014e-05,0.0,0.000158370604143,7.24392329808e-05,0.0,0.000153155236148,0.000167479715445,0.000137027575752,0.0,0.000115953837206,8.09863633888e-05,0.000149642285283,0.0002175946324,0.000150399688896,0.000272654146159,0.000198285664632,0.000159310188577,0.000369034697865,0.000111800909791,0.000471505470793,0.000206380583314,0.000775740712783,0.000597812241023,0.000828335727683,0.000907884987412,0.00163703257825,0.0167335740592,0.0023129815882,0.00259654113643,0.00195850839743,0.00206599992244,0.00390498918513,0.0055209526582,0.0423587314184,0.0104175983794,0.00676152096485,0.00932219266495,0.0171626121173,0.026746187345,0.00411778171417,0.0153108390575,0.00603913218496,0.029337887857,0.00507461352696,0.00343102390009,0.0210982530345,0.0037572657077,0.00481832533041,0.00259484249778,0.0093940813241,0.0078261042913,0.00404055400105,0.0147615506362,0.00576940665493,0.0216808870818,0.00322410665992,0.00330202013226,0.0208617252495,0.00226747760018,0.00576209785313,0.00325402107837,0.00885360156259,0.0284030756954,0.00509038136745,0.0124714598342,0.00241281014376,0.00774127779662,0.00439060099669,0.018913275587,0.0278857838337,0.00313035301271,0.0207163036073,0.0121741736168,0.0282284257591,0.0551994589587,0.0101569218978,0.686397950495
0.00119520437476,0.0,0.0,0.000302782033211,0.0,0.0,0.000698725920531,0.0,0.000253837587083,0.0,0.0,0.000679749665492,0.0,0.000523070477986,0.0,0.000409960226221,0.000427405396143,0.0,0.00017991511857,0.000474243473103,0.000176897393322,0.0,0.000192908474572,0.000191016984949,0.000301224816557,0.000288388391957,0.000232594875344,0.00035478711943,0.000264378750653,0.000125673860741,0.000549331350467,0.000237420959016,0.00027434179321,0.000279823988618,0.000441381170103,0.000808007885609,0.00133267715788,0.0019223001965,0.00257436133738,0.0182523832365,0.00342292618166,0.00370290968011,0.00183963392917,0.00296904041526,0.00462615730279,0.00600396391283,0.0430384249556,0.0108761133521,0.00691607315089,0.00881140246309,0.020049273358,0.0232847126709,0.00847103303495,0.0101687501935,0.00411091656426,0.0249630412356,0.0110775394797,0.0108965799666,0.0392328797583,0.0159950643006,0.00872488522272,0.00375459546188,0.0176943725987,0.00585202930414,0.00273464798534,0.0104949710574,0.00459632172859,0.0173978772392,0.00404840935111,0.0119097677329,0.0714572049783,0.0186698812559,0.0116999491476,0.00571011835573,0.0103674152653,0.0263898049848,0.00502037606282,0.00904039381455,0.00858514099886,0.0112252004824,0.0036098551513,0.00845175622614,0.0376466207386,0.0145242690647,0.00967822724115,0.00917891484902,0.0260612362249,0.0222519795261,0.0256541043829,0.764848460106
0.000842263812975,0.0,0.0,0.000747828479408,0.0,0.0,0.000631266144743,0.0,0.000340512463151,0.0,0.0,0.000156068476504,0.0,0.000221335335998,0.0,0.000371073082907,0.000476028708062,0.0,0.000439702023887,0.000260527049809,0.000280558761372,0.0,9.89857375386e-05,0.000365418928042,0.00029693927993,0.000322462515726,0.000216176025111,0.000492857122215,0.00024550799033,0.000161516507091,0.000359232251468,0.000138589215139,0.000414686078431,0.000113114384968,0.00024521018088,0.000292786445684,0.000347616410834,0.00160693700931,0.00129054698472,0.0203315072555,0.00248416036325,0.00196068455448,0.00185061722105,0.00185129768499,0.00389114683707,0.00656047452058,0.0368010111328,0.0113202898493,0.00596808998267,0.00663750523738,0.0209115089869,0.0299714612634,0.00583267815854,0.00381236349752,0.00583589350057,0.0215862876855,0.0107836957536,0.0113065466583,0.0611645280181,0.0241320868832,0.00540132220031,0.00304823539219,0.0104761789983,0.00569002222927,0.00171716282451,0.00352697296036,0.00300980559207,0.0145599976606,0.0045697636885,0.0125800507864,0.0867215406935,0.0147164013712,0.00883402312487,0.00276571716939,0.00712709706509,0.0203431986704,0.00710917419309,0.0127807943602,0.00513057727877,0.00824154150977,0.0106988077857,0.0262848173978,0.0261308272281,0.0138661283169,0.0226863051586,0.0163475899777,0.0393561677358,0.0732224961761,0.0478297743036,1.1474854994
0.000418257940033,0.0,0.0,0.000203698477448,0.0,0.0,0.000226765179226,0.0,3.77487069304e-05,0.0,0.0,9.7126013842e-05,0.0,0.00022777497556,0.0,0.000201076903513,0.000280683059542,0.0,0.000274701829008,0.000129154091563,0.00015782659068,0.0,0.000158697688161,0.000291492980264,0.000382254026316,0.000215563064829,0.000328995365983,0.000323874525512,0.0003191036834,0.00024467676108,0.000357972556213,0.000197701436624,0.000425737285623,0.000225335459068,0.000380981392357,0.000380874978887,0.000733114426137,0.00154600759169,0.00119687450012,0.0210079778887,0.00192677995289,0.00124835726259,0.00222394761693,0.00176353806172,0.00332499873245,0.0061051837948,0.0388847936355,0.0100443013721,0.00591932666981,0.00697583014558,0.0169613306944,0.0167862878682,0.00466009802497,0.00312942001144,0.00467798603724,0.0274527915418,0.00515498217136,0.00853200843597,0.0519926666029,0.0126802399087,0.00275168193762,0.00359866370174,0.0105041951368,0.00570570731307,0.00121716481111,0.00298906181088,0.00230837098564,0.0121988621989,0.00530096700662,0.0188272872891,0.0792434589332,0.0124660510385,0.00425734702239,0.00463159131463,0.00713302961989,0.0174238031914,0.00712468947676,0.0127689646791,0.0061054167847,0.00699245927954,0.00770241838135,0.0139410561837,0.0272891423287,0.0100616155536,0.0218769964674,0.0162517623869,0.0226172734155,0.0361662428414,0.0392069024389,1.13997270452
0.000875789554062,0.0,0.0,0.000647027699653,0.0,0.0,0.000517484425141,0.0,0.000535236472337,0.0,0.0,0.000554237421729,0.0,0.000365363472454,0.0,0.000518341708514,0.000479547328614,0.0,0.000403615785737,0.000375601413496,0.000468284442178,0.0,0.000280731234099,0.000456729734298,0.000494010901761,0.000440398045862,0.000275972273213,0.00109909296205,0.00030944346333,0.000449514337667,0.000742338500236,0.00039034865515,0.00114654545775,0.000466806698095,0.00157248967204,0.00147616706503,0.00143314160315,0.00206866279949,0.00431121770359,0.0199100482243,0.00273869136389,0.00175537598382,0.00145325621368,0.00168751946857,0.00298721363308,0.00725622000762,0.0400537556741,0.0102941267781,0.00623403883182,0.00703574209649,0.0148527478036,0.0147016395042,0.00356554688318,0.00307141036581,0.00540069143634,0.018835551512,0.00714565815645,0.0093542441701,0.0507478657134,0.0126631173471,0.00194941521634,0.00165210400334,0.0124614876422,0.00508422244406,0.00282922532458,0.00281149534746,0.00350974919949,0.0114587555493,0.00488131713662,0.0117648091415,0.0661265096101,0.0102175700607,0.00402241000727,0.00357518872769,0.00794861270655,0.0153964289806,0.00662098095437,0.00778476831646,0.00876844828103,0.00617764697802,0.00745703693874,0.0119825299982,0.0228814729971,0.00928945270577,0.0179966841134,0.0230488037678,0.0276334627002,0.0293628510472,0.0269609163359,1.02472637714
0.000800890925889,0.0,0.0,0.000613486570337,0.0,0.0,0.000693035304596,0.0,0.000250744853036,0.0,0.0,0.000280077545323,0.0,0.000320970667651,0.0,0.000191453513019,0.000698333064689,0.0,0.000162441963448,0.000831548265123,0.000776219550595,0.0,0.000898029730314,0.00454586856995,0.00327857026839,0.000627585516323,0.000254571779887,0.00107585231222,0.000323533429291,0.000742164153957,0.00133123190292,0.000916069705778,0.00177170439892,0.00144012109794,0.00458329432386,0.00176070196276,0.00240040787898,0.00127793729544,0.000695376818575,0.015847844748,0.00407962776983,0.00739124806394,0.00379629660565,0.00359137156424,0.00458749630298,0.00717254111955,0.0339805654061,0.00901818990844,0.00660675908255,0.011228744335,0.0231566166131,0.0198057181658,0.00833753664109,0.0297979905808,0.0085324866631,0.0283012641764,0.00874894844027,0.00743586288434,0.0457247793946,0.0127301635037,0.0152021142824,0.00393989125864,0.0112673323743,0.00934946541524,0.0136681304765,0.0720483017031,0.0159437355903,0.0134481145078,0.0113161806106,0.0465485667245,0.0453331825551,0.0461432507595,0.0122515396654,0.0123058114409,0.01049303845,0.0235999024125,0.0184814508746,0.0238172273528,0.0215184627585,0.0218072205379,0.020032447165,0.0185601549538,0.0246127929824,0.0122160796188,0.0357992952662,0.0163576800139,0.0251334821753,0.0173962048342,0.0144148422398,0.252340598456
0.000503888467848,0.0,0.0,0.000150978942587,0.0,0.0,0.000497339693675,0.0,0.000665980993782,0.0,0.0,0.000266542200497,0.0,0.000265044936034,0.0,0.00049409324291,0.000177634939929,0.0,0.000500271372389,0.000673480566699,0.000564570789154,0.0,0.000538693543404,0.000749071778453,0.00130662028352,0.000433298382286,0.00018262132437,0.000647873796016,0.000302714543644,0.000397789585838,0.000809573941161,0.000355664292742,0.00117427615586,0.00164984981169,0.00129935576659,0.000652312375461,0.00081922187276,0.0014311941294,0.00210802995517,0.0172605470441,0.00401704699272,0.00498587275112,0.00316850711285,0.00315433583079,0.00382761076872,0.00708991859513,0.0475681394888,0.00701978572129,0.00512440956419,0.00513718145843,0.0217621095627,0.0133953018381,0.00741313274091,0.0454775799685,0.0073323863461,0.0291341046202,0.0244548611283,0.00671150036289,0.0338535802654,0.00856077499115,0.0249342926366,0.0056114794907,0.0121010996992,0.0132721967069,0.0147179478368,0.0685225513564,0.0156344475822,0.0132169623699,0.0107675255464,0.0500765810816,0.0229044726817,0.0487841700002,0.00854418445444,0.0157473050842,0.00990992838085,0.0219471688459,0.0227499974403,0.0301048837678,0.0420753324905,0.0286003146767,0.0156054320981,0.00959957019373,0.0115372831067,0.00598977913105,0.0311903464639,0.00668951278569,0.0269501503714,0.0270236792573,0.0219680944842,0.264658665832
0.00056586215163,0.0,0.0,0.000404916430418,0.0,0.0,0.00030185632093,0.0,0.000337306566816,0.0,0.0,0.000390804739633,0.0,0.00024833401253,0.0,0.000291329944429,0.000270202306875,0.0,0.000239207246853,0.000187354017648,0.00030370972497,0.0,0.000368534991591,0.000207063549367,0.000345666396978,0.000309873455766,0.000353128441363,0.000718871767846,0.00030813445199,0.000257254988695,0.000672133492419,0.000280058109869,0.000668203961338,0.000286927375264,0.000616974015611,0.000612088115121,0.000938361302517,0.00116376035604,0.00106470307072,0.0164793663938,0.00198078033717,0.00240285253798,0.00332246079031,0.00208189339647,0.00437664224682,0.00546940066654,0.0373179820066,0.00652892266225,0.00378754885795,0.00573801105263,0.0179202639721,0.014357059762,0.0120176024899,0.0444797072824,0.00908702630022,0.0203858488504,0.00712169199199,0.00777259408881,0.0274885813939,0.00846220321307,0.012117439638,0.00595432241928,0.00293561440775,0.00622769384087,0.0217391971585,0.0505818063497,0.0204354684012,0.0124322916308,0.0080355428382,0.0222717737304,0.0238144903694,0.016925360269,0.00206725386252,0.0080403898786,0.0197299353902,0.0103174285173,0.0170988343942,0.0243202091694,0.00922259247114,0.00513839865527,0.00550418870104,0.00628333539387,0.00790818768857,0.00401559948016,0.0268727815451,0.00512643660735,0.00785850165216,0.0095820722048,0.0158690090859,0.14256664963
0.000253287366478,0.0,0.0,0.000149373146253,0.0,0.0,0.000202816218166,0.0,0.000221080378637,0.0,0.0,0.000278374921279,0.0,0.000278646025989,0.0,0.000290694239308,0.000286263301944,0.0,0.00025506919355,0.000189906726444,0.00020149988393,0.0,0.000207788503017,0.000173265280317,0.00027000913696,0.000340459547761,0.000320826260066,0.000615680136256,0.000237049786727,0.000149974644184,0.000421526330392,0.000390738672693,0.00106171373608,0.000624872734468,0.00114125487482,0.0002669045198,0.00131021845629,0.00297134246747,0.00352532988959,0.0170296684414,0.00182261454753,0.00198668477205,0.00107022209525,0.00253786083088,0.00421609174744,0.00543846414135,0.0327195192622,0.00734539586676,0.0058049837384,0.00460256057299,0.0154789328265,0.0106075121728,0.00759045288691,0.0337458586637,0.00821878866855,0.0147273720861,0.00242845604239,0.00257542340051,0.0256890034361,0.00611091955184,0.00353474013693,0.00209274000643,0.00676212068974,0.0061771999356,0.0120566868507,0.0457411795592,0.0090265728338,0.00524604803889,0.00139158320621,0.00320153579102,0.0101276668097,0.00167601771219,0.000667014942831,0.000755467573859,0.00431775875165,0.00855072115307,0.00425323963608,0.0164946550409,0.00393119241998,0.00286744206273,0.00168517148573,0.00433475774443,0.00695160718323,0.00440952016674,0.0229135055255,0.0114116217834,0.0083947497148,0.00622803407634,0.00777146297009,0.139191645179
0.00147460834871,0.0,0.0,0.0015222584477,0.0,0.0,0.00140577109099,0.0,0.000993802181315,0.0,0.0,0.00104691881601,0.0,0.00089627538207,0.0,0.00105906850867,0.00102151279182,0.0,0.000971478027359,0.000935379798178,0.00111062265213,0.0,0.000945191735827,0.00107587875177,0.00102011402603,0.000722828304609,0.0008340892805,0.002431856764,0.000547235728525,0.000794222989846,0.000464222912554,0.000966502958737,0.00279150969871,0.00183933851241,0.00602260569974,0.0193071760083,0.00689147602359,0.00421120750316,0.00149605983053,0.00255006028665,0.00306883020418,0.00549763448411,0.0168023709796,0.00380297386473,0.0019149808541,0.00241071534171,0.017387609349,0.022754106595,0.00661782022804,0.00315042918876,0.0105344187064,0.024695984355,0.0101888770206,0.0325796653249,0.0330837182464,0.0115153554187,0.00734699442092,0.01333164142,0.0524711332848,0.0290117623025,0.00621443396793,0.00310195793408,0.00239232434409,0.0112478005237,0.0116134973286,0.0263518135341,0.0796327163938,0.0153920233675,0.0116276935685,0.0141065994781,0.0363138925516,0.0283570402893,0.0158103334575,0.017646270104,0.00703294746884,0.0300346249682,0.00844313021435,0.0199577434688,0.049241197283,0.00858687207712,0.0111624119869,0.0198096063451,0.052763643418,0.0310036174655,0.022309737974,0.0755987550193,0.0245298929576,0.0598775927272,0.0404443056587,1.11182251084
0.000762432312484,0.0,0.0,0.000542583308984,0.0,0.0,0.000333015728597,0.0,0.000909869961481,0.0,0.0,0.000330863046757,0.0,0.000591857366755,0.0,0.000371015034204,0.000494407413817,0.0,0.000467512201772,7.28561068122e-05,0.000159400622653,0.0,0.000129042867915,0.000576160750988,0.00047174917489,0.000710771478302,0.00071082203928,0.00123487092625,0.000518001510205,0.000119909638253,0.00222598417336,0.000109154789197,0.00264761475153,0.00185102213004,0.00479670464162,0.0226164407847,0.00508417316591,0.00369192598921,0.00120301530871,0.00307531052661,0.00128098542571,0.00293991223398,0.0143582993678,0.00316264803591,0.0026128684499,0.00337227576651,0.0313814185049,0.030662345452,0.00478277996529,0.00271242807172,0.00521641520542,0.0129941034306,0.00423049535581,0.0149354039254,0.0170340545369,0.0134794833391,0.00395860229981,0.00272505151612,0.0353504412827,0.0328281276719,0.00544513379269,0.00300405642373,0.00296608153672,0.0186843784798,0.0119422662652,0.0245775174241,0.0805726964654,0.0135888674503,0.00361259210116,0.00240244226374,0.0390715371212,0.037111159731,0.00958859192451,0.0120402353924,0.00413292903334,0.0147290662563,0.00455135911234,0.0154033546163,0.0388281085513,0.0121481174254,0.00254705994907,0.00504102582759,0.0404539164909,0.00986780417332,0.0425521022517,0.0462071253068,0.0110525659031,0.0361281185446,0.0592781473758,0.533101099219
0.000600754347925,0.0,0.0,0.000101359585006,0.0,0.0,0.000480838385251,0.0,0.000377213031949,0.0,0.0,0.000450397365751,0.0,0.000622669278939,0.0,0.000376446002538,0.000709873397747,0.0,0.00072876730692,0.000633283250219,0.00087539173923,0.0,0.000562814710889,0.000784245442158,0.000530814956616,0.000502120795692,0.000510176098928,0.00122269438824,0.000467356885558,0.000959977445873,0.00123295784987,0.00202472543328,0.00452263138697,0.00233849789833,0.00772307041424,0.0206663960374,0.00539213942441,0.00198237835476,0.00117314686445,0.00227468616636,0.00179535799733,0.00330828527766,0.0161821641222,0.00288676871898,0.00330251726963,0.00381311388805,0.0317871983381,0.0356045799838,0.0056146157467,0.00317664556005,0.00474776522036,0.0309959049843,0.00718979942779,0.0130174446995,0.0478461329562,0.0158720913965,0.00594186014987,0.00759685053476,0.0514857419219,0.0269765337637,0.00792569183323,0.00344849895047,0.00611741351061,0.0206498723678,0.00613007356191,0.0291405649639,0.0770518851711,0.0169522881726,0.00354462089196,0.00449052609358,0.0350166707145,0.0411671354341,0.00811782384802,0.0147827082259,0.00129382749664,0.0160275663245,0.00543287744456,0.0124046716134,0.0390977395539,0.00837919941878,0.00484535427574,0.00964244506181,0.0399772185915,0.0126076807459,0.0198134843262,0.0427824999659,0.0258897431491,0.0490405141779,0.0289409702986,0.678264293319
0.00041013117365,0.0,0.0,0.000333236779067,0.0,0.0,5.80936826201e-06,0.0,0.000185098230868,0.0,0.0,0.000195087070649,0.0,0.00028376957322,0.0,0.000255616357389,0.000298167293305,0.0,0.000313588630982,0.000292060422949,0.000378835719119,0.0,0.000221118235789,0.000526731185985,0.000513536706275,0.000583630016756,0.000540113576226,0.000922790119664,0.000609655376077,0.000368563932761,0.00191708905171,0.000786907605829,0.00258058632837,0.00126955695594,0.003064908548,0.0237330204233,0.00554428471235,0.0031936601962,0.00273852858076,0.00247073833406,0.00217695275471,0.00441551347986,0.0149105504055,0.00358474593916,0.00411655764949,0.00595458210273,0.0421541396194,0.0294896221499,0.00411368002871,0.0037253892627,0.00477959676115,0.0303218846473,0.00757195609826,0.0148493567655,0.0510040546045,0.00958305861281,0.00313492136287,0.00837689524133,0.0545154785407,0.0190183628646,0.00526011873079,0.00340798067069,0.00517345774544,0.0152364741367,0.00430518596992,0.0191614869676,0.0484067468479,0.00799668310578,0.00351896329899,0.00567766920778,0.0270853404377,0.0422338870797,0.00759937334027,0.0108623666282,0.00259562401177,0.0150724443246,0.00492674964754,0.0145137600178,0.0368471331746,0.00793599730467,0.00572826583143,0.00707010754832,0.0396651881946,0.00782881188046,0.0109075534716,0.0275704432215,0.0201993138746,0.0406767405901,0.0152941923517,1.48060782023
0.000277873461044,0.0,0.0,0.000506473432616,0.0,0.0,0.00033326657324,0.0,0.000211018480875,0.0,0.0,0.000242675284994,0.0,0.000284295169011,0.0,0.000268490486672,0.000234321459166,0.0,0.000195050533556,0.000255736583715,0.000269136778898,0.0,0.000475396126214,0.000252952546916,0.000177625082518,0.000145870279305,0.000109970174893,0.00110637247642,0.000718752127243,0.000854093797465,0.00121942970663,0.000252120833325,0.00217509245252,0.00262724419298,0.00457884446652,0.0235146688968,0.00297041103118,0.00238053718757,0.00149820346588,0.00218869756803,0.00151258715204,0.00383996945669,0.0167529446233,0.00354264910882,0.00362765889285,0.00489818249536,0.0379758748054,0.0377669276224,0.0052397780569,0.00283164505037,0.00207414366905,0.0159683475713,0.0066631859908,0.0128478619588,0.0274423545262,0.00689737745432,0.00250202346275,0.00337008152316,0.0357470992958,0.0132957983861,0.00385460910695,0.00299328301048,0.0035260099398,0.015311367678,0.00413050848867,0.010952317792,0.0416320818597,0.00747736990138,0.00338290745409,0.00349140018875,0.0284181888243,0.0249452864635,0.00426558052623,0.00869446622787,0.00300334839523,0.00921681956709,0.00308399231393,0.0120131599243,0.031909188167,0.00572376882524,0.00641176628714,0.0116972391886,0.0340385654782,0.0160948467467,0.015491056758,0.0370694813154,0.0300278263336,0.045111160276,0.0274705927056,1.18522524482
0.000474229995784,0.0,0.0,0.000405651531018,0.0,0.0,0.000305477561027,0.0,0.000219085754666,0.0,0.0,0.000421918786163,0.0,0.000199147027026,0.0,0.000165603514111,0.000270126857011,0.0,0.000513730070182,0.000354967736077,0.000209632252121,0.0,0.000258784691009,0.000410178867043,0.000376415150395,0.000328734400182,0.000463380306705,0.000958378058576,0.00044933065365,0.00116348856023,0.00142441587514,0.000434751251142,0.00152773195121,0.00174733504308,0.00531802600499,0.0186907505165,0.00591710705136,0.00195024703723,0.00137455484149,0.0020296920359,0.00109058316364,0.0041780375266,0.020500336457,0.0026893964048,0.00262932989228,0.00438314722514,0.038649587654,0.0348222059371,0.0100041305034,0.00629892976157,0.00573332774612,0.0199977507399,0.00698951998213,0.00831885865673,0.0221214262267,0.00626894110086,0.00445211721728,0.00713349844532,0.0415578647701,0.0121828599675,0.00477770360713,0.00356292351177,0.00328659870696,0.0136022296364,0.00265141187066,0.0109055959932,0.0268584242348,0.0049668125785,0.00207531174086,0.00403749043607,0.0158868135084,0.0290292800952,0.00577652762604,0.0113531075979,0.00380630366328,0.00802755453682,0.00188478878914,0.00834134696991,0.0255179868821,0.00391257269014,0.00575313960382,0.00781099965186,0.0229920777437,0.00839289767405,0.011308648088,0.0190780429634,0.0241591935079,0.0313738042529,0.0239030902966,0.841060929655
0.000540660273484,0.0,0.0,0.000300385833498,0.0,0.0,8.80711048715e-05,0.0,6.33053246619e-05,0.0,0.0,0.000179772801402,0.0,0.00027106555758,0.0,0.000351659091391,0.000303243391385,0.0,0.000314160424458,0.00030217135554,0.000242916456971,0.0,0.00032407713101,0.000194135829292,0.000452344091374,0.000520524400886,0.000533352596729,0.000973096289587,0.000561252073237,0.000484209887582,0.00124193262492,0.000940364077077,0.00287412103534,0.00205355923093,0.00612785344993,0.0171658816461,0.00711969983116,0.00338238964097,0.00108379097754,0.00183051690612,0.000713615415945,0.00299686817941,0.0225382098138,0.00580938074093,0.0044209300968,0.00578603307066,0.0390102031023,0.0319795346051,0.00833874537917,0.00572785571076,0.00637085960489,0.0165384764997,0.00319502064618,0.00492429125254,0.0163766607518,0.00381801096707,0.00383935598157,0.00537074966515,0.0451236643252,0.0116481985087,0.00260408815935,0.00175296118019,0.00210845088419,0.0165238380307,0.00330726551889,0.00647382191339,0.0243071698042,0.00428404366745,0.00125296563393,0.00178572999851,0.0130488582247,0.0254896035093,0.00474361086618,0.00790843791792,0.0022837811526,0.00882802591478,0.00112723782193,0.00788595895631,0.0248390306804,0.0138293653748,0.00353799417664,0.0057301102137,0.019647506417,0.00662671787263,0.00891583478763,0.0101736427679,0.0606023704706,0.0264969386283,0.00968615670851,0.36339186251
0.00114770931114,0.0,0.0,0.00154056319126,0.0,0.0,0.000667964535496,0.0,0.00130670475103,0.0,0.0,0.0006249305337,0.0,0.000712286732641,0.0,0.00100065343838,0.000265876450833,0.0,0.000645949307511,0.00105503087213,0.000242805978966,0.0,0.000950591995781,0.000631736500471,0.000641804854487,0.000954560297659,0.000305401656077,0.00135649450559,0.00072928642812,0.00113141271903,0.0015787911898,0.00131990960328,0.00252404392684,0.000927799544667,0.00554803699693,0.0234705912477,0.00397529982863,0.00141311139816,0.00118903038132,0.00371710547889,0.00145627086567,0.0025836896306,0.018190336687,0.00493531524827,0.00502877109437,0.00505952324359,0.0401745715863,0.030197100633,0.0108682248653,0.00522396514406,0.00434044833487,0.0127003985894,0.00702328583705,0.00536790099277,0.0239618049841,0.00745462694395,0.00600792166616,0.0058779874502,0.0301077301127,0.0143238255579,0.00425370136645,0.00220050551963,0.00224913800538,0.0121243617345,0.00246118226276,0.00486450555721,0.0149793529695,0.00473705200882,0.00785535299077,0.0151535038722,0.0795002373865,0.0345158877198,0.0113085741775,0.00867842841297,0.00347235446813,0.00872733658187,0.00715468498055,0.0125778804959,0.0249595680505,0.00885769964906,0.0106953202032,0.0122548738514,0.0284950572607,0.0220811767901,0.0185265403197,0.0344217523824,0.0384175081287,0.0396433735826,0.0659654902608,0.699032307056
0.000671051633548,0.0,0.0,0.000936441186339,0.0,0.0,0.000707146827631,0.0,0.000495477757805,0.0,0.0,0.000731289375258,0.0,0.000732189873586,0.0,0.000717027001111,0.000762157146655,0.0,0.000697765400255,0.000813122730509,0.000794797915809,0.0,0.000843761723568,0.000623590914992,0.000806538490575,0.000904468063333,0.000767574770007,0.00174391564203,0.00082069752127,0.00112838538019,0.00166073089909,0.00108180691943,0.00296921982503,0.00154074046284,0.007601279505,0.0237316723432,0.00367796483619,0.00130487942885,0.000341078036624,0.00188413807775,0.00319037817308,0.00127026471268,0.0181257982841,0.00506372682501,0.00264038278241,0.00694568353595,0.0372683597809,0.0333869550955,0.00701219591134,0.00605114543865,0.00546117093274,0.0115902260757,0.0040002146558,0.0027720988354,0.0180328872425,0.00531161812299,0.00362149697573,0.00534042824349,0.0320645764332,0.0153989153631,0.0021068562201,0.0013869592144,0.00215922610127,0.0122520882533,0.00219440661556,0.00266825039453,0.0132595011424,0.00266101753093,0.00223214357946,0.00868389510811,0.0768638471693,0.0214529811862,0.0040145471235,0.00884658108658,0.00380517425155,0.00727624182249,0.00404094032316,0.00768477977014,0.0183601550179,0.0108949167499,0.00460223689945,0.00988867256033,0.033221376239,0.0201358680805,0.0219445219095,0.0230122739909,0.0731497953275,0.0385419594646,0.0246359215457,1.0199914825
0.0005839048582,0.0,0.0,0.000910790073463,0.0,0.0,0.000679472789998,0.0,0.000388934037974,0.0,0.0,0.00048733421191,0.0,0.000763160422172,0.0,0.000561231230669,0.000658825878536,0.0,0.000854939150022,0.000812785492434,0.000553700519617,0.0,0.000614414342008,0.000802636808126,0.000796603500051,0.000836972091737,0.000743159432585,0.00151478467499,0.000817852644842,0.000867659816693,0.00218894134967,0.00134783930125,0.00269387114371,0.00195790739428,0.00837466188017,0.0163906491593,0.00746231069476,0.00238653881422,0.00118452016433,0.00079463252503,0.00187488714459,0.00447257661619,0.0190846692244,0.00647199384574,0.00579377675826,0.00898207085542,0.0313154720969,0.0214265226289,0.0116692696853,0.00557083599091,0.00571893001402,0.0127792364574,0.00281781657747,0.00306703070387,0.0149511918189,0.00383567261859,0.00601298226339,0.00717265990458,0.0487695178049,0.02242563298,0.00405002036182,0.00255994497142,0.0024329443997,0.00942074027971,0.00339195489333,0.00252427870725,0.00852924617418,0.0042255552892,0.00602187429502,0.0177880123742,0.0777256638121,0.0233661453626,0.00460901691512,0.0078846598531,0.00544877269716,0.00761343694498,0.00222661619487,0.0101315320511,0.0137784811416,0.00777828853713,0.00639911290284,0.0132353415869,0.0332196270188,0.0253041545382,0.0494773810179,0.0177933204419,0.0516067332912,0.0466931646026,0.0231548738891,1.12612061117
0.000575722783548,0.0,0.0,0.000418415017843,0.0,0.0,0.000516985799411,0.0,0.000509458385503,0.0,0.0,0.000452920270847,0.0,0.000527087499364,0.0,0.000533484261285,0.000540542854674,0.0,0.000604249480975,0.000584620650384,0.000591500752577,0.0,0.000600766849608,0.000339791051967,0.000695538746105,0.000498490076395,0.000948741481235,0.00120012657289,0.000892282371413,0.00130112701776,0.00104594111739,0.00100281312839,0.00183867387697,0.00169671255405,0.00486018075797,0.0196932700459,0.00593768997882,0.00266811067111,0.00231276972192,0.00207798723293,0.00128919477442,0.00234175578107,0.014845680003,0.00473285266329,0.00496565878802,0.00886997821406,0.0310871477552,0.0324164467686,0.00824542154856,0.00363982634283,0.00339722399927,0.0118314494371,0.0037995142512,0.00484489377527,0.00999883473778,0.00370263881179,0.00415031357937,0.00854534926674,0.0446754718227,0.0141224865517,0.00351104123035,0.00225328493287,0.00186374498393,0.00635595018852,0.00175956996671,0.00246804575747,0.00699048039628,0.00429260011257,0.00317611142868,0.00830180030211,0.0651356793689,0.0245746623245,0.00338324084719,0.00493884648307,0.00449519356504,0.00664150309345,0.00494274742408,0.00930204697935,0.0131586909195,0.0132491917548,0.0117769111047,0.00868378375183,0.02423891996,0.0313568806924,0.0134646075944,0.032095707892,0.0699965841111,0.0396805545104,0.038325549493,0.920226676124
0.000800966744923,0.0,0.0,0.000177330430326,0.0,0.0,0.000646147409614,0.0,0.000409709846429,0.0,0.0,0.000263943488132,0.0,0.000542249529043,0.0,0.000128147242468,0.000678847995001,0.0,0.000304525984348,0.000387877651372,0.000568266486551,0.0,0.000203978383155,0.000793893415728,0.00031444951404,0.000459321193078,0.000657499258832,0.00103102213718,0.000177451054114,0.000228174043136,0.00114996098583,0.00135380190934,0.0012646487332,0.00136341781421,0.00441500069918,0.0223428747517,0.00615830900709,0.00333506907553,0.00261843846507,0.00281814760118,0.00251622287827,0.00553427474755,0.0137432509707,0.00396027063735,0.00353577063151,0.00664746749992,0.0392539611995,0.0243074339179,0.00837435838851,0.00381829104264,0.00497966496135,0.0134162953523,0.00460269788911,0.0042420594389,0.0158842754304,0.00648934653573,0.0284086219852,0.0106476329517,0.0306187204729,0.0110479240443,0.00157733234476,0.00135848278053,0.00175772644988,0.00551374597625,0.00191602888886,0.0028092193609,0.0102095493552,0.0105505179526,0.0651677056578,0.0181868264551,0.0453116059392,0.0200096631599,0.00255623511171,0.00425949796627,0.00167876702679,0.0053123049094,0.00137150288826,0.00528950971255,0.0104127579211,0.00300967949423,0.0163421111373,0.00533399181291,0.0164658542168,0.0055652982651,0.00236871923538,0.00404182176493,0.00733942175579,0.0270648852003,0.005429396571,0.915567845396
0.000218853139347,0.0,0.0,0.000214706063349,0.0,0.0,9.1944230334e-05,0.0,0.000233091894594,0.0,0.0,0.000284635572786,0.0,0.000153077477553,0.0,0.00013824743141,0.000200906770605,0.0,0.000191900077376,0.000332433495688,0.00030778277919,0.0,0.000292338667032,0.000276360310636,0.000246256349129,0.000425725057487,0.000277984245522,0.000546491550924,0.000353504784231,0.000749863877977,0.00126371574581,0.000874484343848,0.00188802592026,0.00116045493021,0.00364119236656,0.019526605978,0.0040798173034,0.00351711189933,0.00186937295198,0.00108455554917,0.00115654583873,0.00359317991381,0.0144839123904,0.00584024657129,0.00616111030926,0.00861191225585,0.0371879805879,0.0221202476775,0.00522450566605,0.00259595373963,0.00203589764923,0.0131723352848,0.00258603510351,0.00392654985288,0.0111782383546,0.00525264222101,0.0392304348246,0.00931049505914,0.0230912436329,0.00704444930207,0.00232948075018,0.00152476798786,0.00192678338157,0.00519314983736,0.00212420615818,0.00221136602707,0.0069780705751,0.0140532284546,0.0656305117326,0.0165552202761,0.0302128142663,0.0122352159133,0.00125707650201,0.00395756790123,0.000876644408144,0.00475413487207,0.000721758483784,0.00494779089509,0.00852243029591,0.00264455879164,0.0200120972885,0.00575610633255,0.00742745050317,0.00143552517678,0.00106429075737,0.0012960604076,0.00584836450792,0.0289930314206,0.00580667828055,0.667994951535
0.000427865671627,0.0,0.0,0.000265123724948,0.0,0.0,0.000261937586125,0.0,0.00026432499488,0.0,0.0,0.000244642813419,0.0,0.00028570977954,0.0,0.000241671460264,0.000253580530015,0.0,0.000256998363312,0.00030088307529,0.000273097975429,0.0,0.000373095015378,0.000245277718387,0.000202780318626,0.000288659440783,0.000394465619162,0.00098297835937,0.000354147603533,0.000729799407669,0.00111499324272,0.0012546281882,0.00202931656065,0.00178381762265,0.00492020447668,0.0160240849093,0.00546676586442,0.00222925493344,0.00192525164503,0.00150507676155,0.000738177016521,0.00378973414518,0.0173627763304,0.0058204168363,0.00584903703927,0.0088140055475,0.0270373111422,0.0269859184965,0.00250164509175,0.00243047769038,0.00221792862578,0.0163737379382,0.00312600750605,0.00289249491462,0.00509052335637,0.00584880602195,0.0547379187562,0.00738644003418,0.015621688074,0.00621653668794,0.00269643962178,0.00186801698542,0.00241349407333,0.00537690398086,0.00139415467719,0.00170302266951,0.00395566719617,0.0151465665928,0.0747964462524,0.0112269589577,0.0200233180745,0.0102143042417,0.00258891982107,0.00442439488257,0.00148338143332,0.0039367241156,0.0010326717279,0.00478830329182,0.00591523445282,0.00203054135473,0.0178785987674,0.00373738615499,0.00870873502092,0.00121263788383,0.00195432362427,0.00218029403673,0.00595141053567,0.0228068002405,0.00411229066761,0.525678301739
0.000325708170456,0.0,0.0,0.000397841806021,0.0,0.0,0.000425127755029,0.0,0.00030627955106,0.0,0.0,0.000327704950614,0.0,0.000285277861836,0.0,0.000426298723984,0.000363826434917,0.0,0.000245363843293,0.00035744708208,0.000446666951841,0.0,0.000303268147595,0.000405758540192,0.00034637255198,0.000419022028712,0.000384185740703,0.000864390286455,0.000576600616494,0.000270795796146,0.00132016803577,0.0013899581636,0.00173445517567,0.00148074353219,0.00614339662254,0.0181565327655,0.00559386402768,0.00112703653146,0.00189984678475,0.00177950528604,0.000646761302521,0.00154990604934,0.019598659426,0.0020917569879,0.0024308441822,0.00366733538806,0.0283500668805,0.0237427236709,0.00250368172395,0.0016510743453,0.00245564858456,0.0141247465789,0.0047075776641,0.002322929324,0.00573541150644,0.00706408032378,0.0417322818494,0.0073152946956,0.0173149818187,0.00718427004169,0.00193586042892,0.00110101854087,0.00131556151047,0.00418890165123,0.00180974362896,0.00248630687583,0.00819074543723,0.0144899195025,0.0596050972055,0.00994652792664,0.0154656165198,0.00935766094416,0.00260732005857,0.00389426107486,0.00123339509916,0.00348829459993,0.00174909901397,0.00314150766816,0.00550137965697,0.00206741700655,0.0146625236112,0.00426338578576,0.00700510179724,0.000943163158616,0.00110145917887,0.00162136565323,0.00436235447384,0.022418632535,0.00442802406262,0.0538873050482
0.000681640633692,0.0,0.0,0.000370595801137,0.0,0.0,0.000508228888867,0.0,0.000317315608009,0.0,0.0,0.000387483404374,0.0,0.00030884306624,0.0,0.000366213540545,0.000558000913933,0.0,0.000451000674759,0.000343249586457,0.000283380009073,0.0,0.000174033184678,0.000755567031374,0.00130497621806,0.00156990806326,0.00174533204191,0.0026887101024,0.00194505091018,0.00249892159113,0.00245775621298,0.0026461327058,0.0196286859602,0.00432971913166,0.00390275240114,0.0040255235614,0.00361151489329,0.00212181318044,0.00152118088037,0.00154220493648,0.000591631868295,0.00472559166206,0.0133265191862,0.00466426972746,0.0161574864627,0.00822844507793,0.0397119368596,0.0142071002434,0.0034355431051,0.0038096165957,0.00550422324074,0.0256024775541,0.00609570170882,0.00917672107182,0.0243236798353,0.0100773119476,0.0481282746999,0.01373459456,0.0445530592342,0.0117534261979,0.00407220923551,0.00290934493823,0.00653497424076,0.0441576652226,0.00605787748747,0.00692242115081,0.0224465746073,0.0176813847906,0.0724900254813,0.0244138834653,0.0293550835102,0.0115736618111,0.0050611801352,0.0144655071714,0.00665400431496,0.0249260419681,0.00559890290723,0.0123200824054,0.0396087449577,0.022826946268,0.0471221489021,0.0141382891841,0.0339072955319,0.012143895644,0.0114364856105,0.0583024598446,0.0317768737482,0.0771021381259,0.0585210272694,0.984783218453
0.000325398921944,0.0,0.0,0.00126674668043,0.0,0.0,0.00081235004672,0.0,0.000181667155464,0.0,0.0,0.00054056080688,0.0,0.0006640034406,0.0,0.000425681674719,0.000443757769643,0.0,0.000480288094932,0.000459244863134,0.000414153727014,0.0,0.000614421712761,0.00046809027162,0.000671076837813,0.000792641840519,0.000562688117596,0.00237285324923,0.00163449393701,0.000980712005738,0.00298049385774,0.00524855973632,0.0235298995075,0.00344813698657,0.0037512870446,0.00405075192445,0.000819388480747,0.0013917807028,0.000422404798105,0.00071209907827,0.000798319836924,0.00212663440345,0.0144821955217,0.00490455286493,0.0156443888545,0.00645326679919,0.0273697270705,0.010837072552,0.0033791094373,0.0027366542512,0.00495855104194,0.0207969503607,0.00586524118838,0.00530771936437,0.0290045739078,0.00804430711362,0.0541971166534,0.0105928897248,0.0369264926493,0.0111030275104,0.00538177792577,0.00385400412889,0.00461254742318,0.0231581225453,0.00576563224903,0.00396396221196,0.0190658513101,0.0152976879836,0.093650621874,0.0153135816739,0.0232207188051,0.00539570247281,0.00570504268128,0.0140704182563,0.00947425085481,0.0214206251025,0.00430425377524,0.0114307007434,0.0284795034817,0.00937590733558,0.0446450935516,0.00607626480259,0.0361513440591,0.0223148926311,0.00934128203653,0.0273798646779,0.0292245643682,0.0520181977766,0.0140810866601,0.788736054111
0.000985276647972,0.0,0.0,0.000658571489514,0.0,0.0,0.000879372814193,0.0,0.00105544885887,0.0,0.0,0.000560117435493,0.0,0.000206138245592,0.0,0.000450295640425,0.00058314371938,0.0,0.000393754021775,0.000297255692869,0.000326794460804,0.0,0.00041475121516,0.000609423575307,0.000331024526878,0.000525781515513,0.000729270296817,0.00165467049251,0.00110189980642,0.00117847486483,0.00412114243031,0.00345467650876,0.0234855277371,0.00477646150544,0.00306538597292,0.00301245948792,0.00181164842268,0.00147027463068,0.00105039419677,0.00122614488796,0.00139510815718,0.00266307689486,0.008688095635,0.00491164126615,0.0256050829391,0.00493137951376,0.0382297155849,0.0109990494179,0.00492233820796,0.00481502314639,0.00339300783008,0.0234920924102,0.00315227910195,0.00469521945789,0.0286752732632,0.0110234491349,0.0428901256616,0.0105012252964,0.0364580918969,0.00863705791572,0.00662340528074,0.00465754511749,0.00472589117502,0.0243462365777,0.00390624074672,0.00597025713284,0.0196351292033,0.0189343184195,0.0769015785286,0.0134911726368,0.0205460641338,0.00422286272294,0.00611816662048,0.0121105181191,0.00432783866988,0.023492158479,0.0091525778641,0.0142639694457,0.0344312972409,0.00647854896656,0.030503616147,0.00651453594038,0.0380635566736,0.00797847905599,0.00669617602547,0.0211023091901,0.0128801108116,0.0467442511188,0.00900717146591,0.676496935495
0.000342648850857,0.0,0.0,0.000521350778965,0.0,0.0,0.000397641290417,0.0,0.000484636514578,0.0,0.0,0.000363867397283,0.0,0.000447041987259,0.0,0.000419134973897,0.000411728868952,0.0,0.000365820859666,0.000466084667171,0.000511408832055,0.0,0.000434816793731,0.00038579518996,0.000453323406938,0.00038456272821,0.000418932255959,0.000867585046957,0.00156438339778,0.00102245906137,0.00576248779922,0.00405751286883,0.0282325916443,0.00259029250435,0.00221318576517,0.00226082404225,0.000962125087725,0.00104233797315,0.00118542622808,0.00167241035653,0.000681348688658,0.00596118073558,0.0138305413368,0.00681767965689,0.0297859531285,0.00839622544881,0.0364421326802,0.00659656496722,0.00318213643505,0.00434557220548,0.00500354360549,0.0190959092732,0.00605555575572,0.00571694643489,0.016779432011,0.00774010069861,0.0373937430721,0.0107398960945,0.0260732839741,0.00609424684286,0.00390085820673,0.00246346519813,0.00287776764936,0.0215748084907,0.0073556277826,0.00728463370293,0.0190024462605,0.0125765009293,0.0719929955261,0.0110198886378,0.0157673937212,0.00465059925179,0.00615160548216,0.0126349954107,0.00497948816172,0.0242362715765,0.00627173196969,0.0165701073084,0.0325824853252,0.00946444226178,0.0275330733964,0.0116708714493,0.037906445533,0.0214680056426,0.00489085682887,0.0370885497494,0.0393486296326,0.048000741601,0.0120539536713,1.37074206857
0.00083500165653,0.0,0.0,0.000324870718997,0.0,0.0,0.000103398025393,0.0,0.000308923221141,0.0,0.0,0.00028079943405,0.0,0.000289395577054,0.0,0.000195071786992,0.000162314711742,0.0,0.000163281626166,0.000205871370926,0.000370627823727,0.0,5.41193325601e-05,7.06058443578e-05,0.000164159446451,0.000239837620123,0.000368761154611,0.000597237940018,0.00103006284658,0.00149724156745,0.00333831390735,0.00382062031496,0.0228805181169,0.00451101897645,0.00493594036435,0.00246369830028,0.00232630907312,0.00176458609139,0.00170295903479,0.00232081771724,0.0015509430856,0.00543676081092,0.0136162379094,0.00350980265367,0.0220622698594,0.00849790960649,0.0399022664064,0.00721211315612,0.00295572893897,0.0011274675536,0.00230365092775,0.0168687281305,0.00310683585172,0.00309497749126,0.0122676691804,0.00520322254468,0.0346211093365,0.00651779717233,0.03176428245,0.00769388465439,0.00330741968096,0.00245300200254,0.00280929821498,0.0217404345806,0.00423546135598,0.00356408254421,0.0170539284209,0.0105138516839,0.0444877593093,0.00915135857498,0.0083839598835,0.0043104729776,0.00750658554743,0.00814851060419,0.00465784250912,0.00983166480436,0.00454704678295,0.00933591878442,0.037831723402,0.00778183800263,0.0143749615177,0.00788888134179,0.0457287422988,0.0178561828081,0.0381602863888,0.0222145883184,0.0162076055346,0.0524752923944,0.0322751832783,1.1383728331
0.00114109741468,0.0,0.0,0.000772729449161,0.0,0.0,0.000583852317159,0.0,0.000677028880403,0.0,0.0,0.000612192652681,0.0,0.000531741752329,0.0,0.00056128752695,0.00084464629504,0.0,0.000184467580714,0.000760115969882,0.000569963004089,0.0,0.000773737042269,0.000482712000735,0.000643467765303,0.000815482984707,0.00079003851127,0.00197454142013,0.000930356892087,0.000940987602635,0.00483262030268,0.00454678847872,0.0217943683447,0.00394063157994,0.00416083857672,0.00256215095857,0.00194342766211,0.00109605597596,0.00107006261907,0.00166633224761,0.000743650041781,0.00423183372679,0.0152824108747,0.00753334101692,0.0195168755858,0.00694176635224,0.0402735151269,0.00671341357819,0.00509725017295,0.0023314699877,0.00390783907284,0.0097810890366,0.00330659350359,0.00186640260042,0.0124177845339,0.00533844566716,0.0181567146817,0.00831177580356,0.0189409040206,0.00632846829889,0.00307407867491,0.00145327779617,0.00265119030228,0.0203220865651,0.0033388889879,0.00275887315677,0.00886815019869,0.0100824853841,0.0359942075744,0.00645111441725,0.00868925678592,0.00278428355245,0.00738464840087,0.00885232420744,0.00574960111205,0.0145566033308,0.00207251679812,0.0137521257365,0.028422240101,0.00834822372569,0.0206448385908,0.0133412026489,0.0355513168339,0.0294607790595,0.034130455567,0.036847330145,0.0247744900728,0.087599061449,0.0705862192247,1.01811807109
0.000936750950844,0.0,0.0,0.000697807978968,0.0,0.0,0.00033039766571,0.0,0.000470588008012,0.0,0.0,0.000541098361634,0.0,0.000483352377556,0.0,0.000466162772499,0.00050746029037,0.0,0.000522098063625,0.000549307184158,0.000679061776167,0.0,0.00048434354278,0.000622523141658,0.000621935600421,0.000708384445932,0.000720531467314,0.00219346997049,0.00124013584161,0.000507911855211,0.00389113654446,0.00371942750442,0.0217218601597,0.00365868521767,0.00338260655793,0.00126700242167,0.00127520798972,0.00147123053354,0.00128565093685,0.00212456010475,0.00267643080789,0.00505006111822,0.020421089621,0.00528546538371,0.0281258745375,0.00990309161497,0.0480041020933,0.00817532943529,0.0055882612875,0.00306581649168,0.00260612616722,0.0133511222729,0.00269282865889,0.00392888635211,0.0160736113635,0.00671074727862,0.0206979233044,0.00427259641741,0.0268985927614,0.00362063910887,0.00117573925447,0.00109126095579,0.0024601871789,0.0189243684955,0.00338353642584,0.00758866872942,0.00744822828378,0.00488113149757,0.0353429644592,0.00365852640392,0.00659349091092,0.00178740348293,0.00400788103329,0.00893954531397,0.00164370828145,0.0069007011482,0.00125667805278,0.0200524257038,0.0267741611968,0.00420466155078,0.0101977585483,0.00445478189848,0.0235906498481,0.00346872718459,0.0265639365299,0.012906031931,0.00772048142895,0.023614833165,0.0202801442671,0.384362891128
0.000343890880954,0.0,0.0,0.00106917760394,0.0,0.0,0.00103455787406,0.0,0.000934605330096,0.0,0.0,0.000807871930477,0.0,0.000242292882564,0.0,0.000551223820436,0.000969673024096,0.0,0.000910075352249,0.000512089273659,0.000713020228911,0.0,0.00107476147104,0.000904517813811,0.000887915089008,0.000784305444388,0.00118759513166,0.00253914065151,0.00144270534438,0.00179257360064,0.00532777474566,0.00308238812499,0.0259123648547,0.0018110708133,0.00503059966227,0.0014130089685,0.0022185139742,0.00132067059824,0.00108458284909,0.00198375255189,0.00219627335877,0.00414031558219,0.0137740612242,0.00335653614553,0.0286424980899,0.00305058086682,0.0354539803794,0.0102124696233,0.00489723836369,0.00312296991251,0.00789965139696,0.0190890161499,0.00930585125016,0.0312888366957,0.0121715990253,0.00662210669692,0.0253844310854,0.00954764174548,0.0263746418326,0.0073284724265,0.00406957723045,0.00406267758395,0.00349778897765,0.0185626532773,0.0139952517219,0.0610823014713,0.0131559667171,0.00987502631429,0.0324162310777,0.00524442163981,0.00632213056678,0.00444668795072,0.00535223899592,0.0110915254407,0.00205636815108,0.0079128750334,0.003925729037,0.0144626198348,0.0253397404281,0.00570467951842,0.01517144147,0.00387736296913,0.019915893897,0.0287775654189,0.0558254259209,0.0215250804689,0.0405396269708,0.0407406103446,0.0363295397935,0.551334318212
0.000563286413333,0.0,0.0,0.000399223787375,0.0,0.0,0.000408669446429,0.0,0.000605211340681,0.0,0.0,0.000351898397397,0.0,0.000449990950711,0.0,0.000468979095761,0.000419579967197,0.0,0.000428704577952,0.000383811893761,0.000534550243358,0.0,0.000551810986682,0.000677980094264,0.00058138582164,0.000657706027404,0.000655603924791,0.00130136840891,0.00114189834209,0.00177928950589,0.00559282059028,0.00471625255188,0.0260953712354,0.00207413004827,0.00294960782718,0.00200753848785,0.00175520342532,0.00139592629711,0.00110088184456,0.00204801337626,0.00199366333555,0.00419743279747,0.0208107184489,0.00502063873452,0.0248810963492,0.00686001041014,0.0422404539205,0.0104057356809,0.00717991984232,0.00614868417743,0.00691526957894,0.0187417854546,0.00486450137925,0.0407096299587,0.0158336184337,0.0053729010996,0.0183060528292,0.0048113863179,0.0218580120402,0.00485424308801,0.00274874255052,0.00160618393488,0.00239193168509,0.0201154376023,0.0110218628678,0.0651142467644,0.00837188292766,0.00426372240199,0.0174281305628,0.00307018716102,0.00403444792975,0.00177963748972,0.0035109807358,0.00803663134914,0.00141810704994,0.00651497026581,0.00217850411639,0.0235793943348,0.0223648477999,0.00535131772943,0.00655701478585,0.00521041423921,0.0222704727307,0.0137377646865,0.0399891351403,0.0121711950679,0.0199313307695,0.0366174743777,0.0367514645576,1.22073698258
0.000688917036775,0.0,0.0,0.000478299283407,0.0,0.0,0.00022501356415,0.0,0.00033550610056,0.0,0.0,0.000640813632625,0.0,0.000558859648491,0.0,0.000374049686702,0.000508988020676,0.0,0.000559150537236,0.000628078952052,0.000440163561045,0.0,0.000654227918545,0.000574686930876,0.000666507825728,0.000789026043148,0.000894330458156,0.00105623199066,0.0015964883869,0.00167494561476,0.00445925261042,0.00377787477329,0.0189428543288,0.00327501834965,0.00314267537646,0.00201347004071,0.00204223966086,0.00107461748937,0.000655662198071,0.000751972152783,0.00122942050542,0.00443397611721,0.0250021607887,0.00818256902389,0.0201739252392,0.00538082025432,0.0409419857842,0.00766093911732,0.00335894715155,0.00282608493915,0.00341582262507,0.0124112683133,0.00507877473903,0.0462059296263,0.0155426705419,0.00408095188474,0.015877787261,0.00415438541843,0.0244592598539,0.00222325549381,0.00196423590052,0.00183175255114,0.00301335694029,0.0133809924919,0.0171307616441,0.0647944599822,0.00954909129059,0.00669635127592,0.0220655696849,0.00485164987622,0.00833899520273,0.003999399412,0.00462654739806,0.00872029832523,0.00433932241466,0.00656402266535,0.00418058152044,0.0244924690504,0.014254527041,0.00388756884891,0.00908389158578,0.00848097315578,0.0196409385332,0.0107044022026,0.0398287623503,0.0231104331764,0.0205348758575,0.0279528094391,0.0362316803141,1.11563623497
9.63646289383e-05,0.0,0.0,0.000194168670072,0.0,0.0,0.000166156861898,0.0,0.000227599154081,0.0,0.0,0.000383421252931,0.0,6.67717908335e-05,0.0,0.000220721350381,0.000350245026185,0.0,0.000205394395009,0.00014026151738,0.0001903708504,0.0,0.000423927917492,0.000225538819039,0.000170180854034,0.000388400977083,2.00168191865e-05,0.00097091607067,0.000512204637445,0.00131044979859,0.00333695769458,0.00380645863473,0.0219155904831,0.00393639708096,0.00398550353493,0.00291766634078,0.00238514017479,0.00178104561406,0.00172873480194,0.00281106290049,0.00142689997489,0.0064281145513,0.0176369156718,0.00577072862355,0.0222403555646,0.00875700623496,0.0397673774478,0.00776602677412,0.00316835496325,0.00180524626841,0.00184423030846,0.0179290618599,0.00658848629816,0.0442922334087,0.0131751552973,0.00380013803761,0.0179253569883,0.00620996116562,0.0181132060853,0.00517107678067,0.00287256246124,0.00298217336304,0.00466005513017,0.0142445835461,0.0218496218078,0.0521688516165,0.0130358444817,0.00509888970309,0.0179324703593,0.00349297642148,0.00384215734982,0.00304994168946,0.0036619678521,0.00827433031244,0.00496284727799,0.00642492398407,0.00485842358492,0.0299329152509,0.0186888200947,0.00614440357696,0.00804726160884,0.0156727753515,0.018691573793,0.0159206350316,0.0693720482381,0.028615089097,0.0337364316928,0.0412720343599,0.0384344655971,1.00176143506
0.000441028763464,0.0,0.0,0.000497431862929,0.0,0.0,0.000396332946739,0.0,0.000443563495371,0.0,0.0,0.000506058034555,0.0,0.000512219252016,0.0,0.000491904992974,0.000478872123229,0.0,0.000508551562261,0.000567006574693,0.00034912288268,0.0,0.000539317781366,0.000670269094826,0.000667575237754,0.000730677969174,0.000827833215957,0.0016120811973,0.00139193202417,0.00137873207555,0.00183011018554,0.00420038916456,0.0210762246751,0.0020022305703,0.00468015395893,0.00248306329845,0.00239947611093,0.00162982922484,0.00154236800996,0.00307158319008,0.00303673000271,0.00405036619078,0.0147021393981,0.00569417438709,0.0181630371638,0.00526091170621,0.0407002669461,0.0101389968848,0.00716086036988,0.00614483031368,0.00733844794676,0.016449718372,0.00450873744428,0.0371791731253,0.0129251277695,0.00477605562509,0.0176785926992,0.00391544855275,0.0137217845169,0.00380430616774,0.00179210943018,0.0016231858498,0.00158213879907,0.0117363873326,0.011129624323,0.0379476519193,0.0105230254374,0.00245838274061,0.0166423843445,0.00292503774407,0.00323941085751,0.00135383028882,0.00308257587473,0.00601922767108,0.0021365860101,0.00372190807479,0.00277118141879,0.0150114947454,0.0103695062125,0.00157851611171,0.00435607885517,0.00398628826101,0.0115975105617,0.00855349474022,0.0219976074971,0.00812144256326,0.00729275657656,0.0156167214165,0.0082799927806,1.05312997744
0.000792454998993,0.0,0.0,0.000702565261289,0.0,0.0,0.00081007096678,0.0,0.000812446933579,0.0,0.0,0.000864003956669,0.0,0.000857323893444,0.0,0.000891600376887,0.00093077697492,0.0,0.000933669823361,0.00101824767716,0.000780410522024,0.0,0.000973993883679,0.0011390795652,0.00107005329539,0.00102497352733,0.00139264344505,0.00334155877448,0.00159090298181,0.00146011694819,0.00477604732511,0.00500515265321,0.0195423739018,0.00299741155307,0.0028485246719,0.0017472771458,0.00031634416812,0.000544801902219,0.000672194195897,0.00165320110945,0.00191521944088,0.00208517020435,0.0204793248943,0.00504408602236,0.0178207800961,0.00780759647046,0.0392360047824,0.0085023440876,0.00383460405999,0.00131846816031,0.00257972845888,0.00843830724288,0.0040619714517,0.0256286806665,0.0120897231085,0.00266085525605,0.0144939480799,0.00292595724065,0.0107590108487,0.00176346317178,0.00113173925522,0.00111097382213,0.00125328724404,0.0114464989523,0.0115304269501,0.0278277292398,0.00783318538848,0.00245242552952,0.0134704943051,0.00273873838052,0.00413074587124,0.00164718062328,0.00267424252583,0.00538782651629,0.000959605898483,0.00278450313784,0.00196252490153,0.0124807325692,0.00846124490289,0.00112621141936,0.00237032333272,0.00159418487578,0.00808199015195,0.00341615144024,0.0133641182246,0.00378471777802,0.00344792056007,0.00817126669371,0.00293044986257,0.673808866697
0.000420804476316,0.0,0.0,0.000558362318865,0.0,0.0,0.000414864361455,0.0,0.000568910034678,0.0,0.0,0.000458822195534,0.0,0.000593690189663,0.0,0.000531113935087,0.000544531808253,0.0,0.000605445017372,0.000658114780564,0.000674547908776,0.0,0.000542994812439,0.000643140054096,0.000715879700491,0.000774526882899,0.000765226715606,0.00187173254016,0.000819269348559,0.00154778852988,0.00369242793348,0.00244193929104,0.0207060160217,0.00247047517419,0.00272911024918,0.00041003592451,0.000954301839095,0.00030958444778,6.84748971846e-05,0.000456688357813,0.00033284962905,0.00291546311436,0.0226478907089,0.00385770455485,0.0195246129548,0.00654190432882,0.033435381327,0.00808932056461,0.00373674266591,0.00166526076865,0.00228132756394,0.0134200480918,0.00522543923221,0.0179499709017,0.0115840787747,0.00382600558909,0.0137080609216,0.00280408489409,0.00975299715209,0.00100465029374,0.000825842018373,0.00060714065843,0.0013013268248,0.0100526429163,0.00594346172548,0.0203775734454,0.00780362813905,0.00217801688994,0.00831438189118,0.000699845559929,0.00255820104629,0.000727331693247,0.0018769508195,0.00447155196252,0.000563188537503,0.00295036416429,0.00150470035269,0.00862360400026,0.00771732331802,0.00086199819186,0.00223318985423,0.0018186905624,0.00775068816748,0.00227945775959,0.0089245377542,0.00344811356308,0.00229703199872,0.00609875148487,0.00210067656223,0.510784672688
0.000502314407013,0.0,0.0,0.000353335374597,0.0,0.0,0.000411070150017,0.0,0.000367005255016,0.0,0.0,0.000346766288868,0.0,0.000383082216408,0.0,0.000389115196465,0.000400211711973,0.0,0.00038809535403,0.000423570829898,0.000519002695634,0.0,0.000477553276187,0.000545829093666,0.000515968119846,0.000619410967345,0.000555780921738,0.00150604787549,0.00076352330744,0.00153418770055,0.0033946060162,0.00363491258647,0.0195890505114,0.0018902427751,0.00331653019999,0.00204879042555,0.00163939810044,0.000921854086969,0.00106299453358,0.00137042254903,0.00213563591026,0.0043033503053,0.0170222566884,0.0018326994746,0.0163376883599,0.00703751126974,0.0355585956795,0.00745273340586,0.00365267125433,0.00288504105888,0.00287745581872,0.00985997173985,0.00283850444676,0.0126414041747,0.00462060831726,0.00251696704409,0.0143990006868,0.0021377862406,0.00646106748433,0.00167467986518,0.000648522116491,0.000594238555918,0.000474627218668,0.00543297209873,0.00471869027411,0.0108615359662,0.00589398539538,0.00127317236485,0.00728611541889,0.00056460417418,0.0028435146147,0.000939487897566,0.00266929167139,0.00472245595641,0.000579022148863,0.00183243579077,0.000862304157999,0.00499048309309,0.00658342240782,0.000807690460445,0.00185293252286,0.000774950870503,0.00552772238035,0.00094377370584,0.00657509591488,0.00250006703046,0.00112270656636,0.00364187940267,0.00117541761327,0.0247176689656
0.00204290540385,0.0,0.0,0.00319639913904,0.0,0.0,0.00134217643666,0.0,0.00223527663195,0.0,0.0,0.000979578756577,0.0,0.000155310785899,0.0,0.00153708993228,0.00101786696857,0.0,0.00112771371815,0.00183407892208,0.00141442282274,0.0,0.00174174969297,0.00107333883417,0.00166238266275,0.00335523362809,0.00071531699066,0.0177569417109,0.00194324684823,0.0014954140552,0.00241054895264,0.00507389950196,0.0122434375607,0.00397315273337,0.00290341698059,0.00362617556332,0.00274041211842,0.00201871638289,0.00398863094741,0.0368795805355,0.00563147457989,0.0101811645782,0.0145239162402,0.00673651231747,0.00989540195823,0.00751025293891,0.0268581865626,0.00869244439863,0.00397385175812,0.00714852097776,0.0166478019191,0.0429136398436,0.0332260356385,0.0155456014416,0.0105456610814,0.0303957220895,0.0120752663044,0.00897814528738,0.047955609514,0.0107613614877,0.00998123676194,0.0126130541044,0.0408713630976,0.0561741174301,0.0234655816214,0.0216943462786,0.0270035353181,0.0199590663754,0.0259372969593,0.0209283664737,0.0864577342594,0.0384275963816,0.013361154477,0.0202889361881,0.0503054987118,0.0447095771898,0.0354622897762,0.0255379418952,0.0255881273527,0.0415372617968,0.0340150959292,0.0381936272492,0.0553672655771,0.0338220000697,0.0260338359642,0.0316562186579,0.0454126242408,0.0367685633793,0.038536442922,0.46794786257
0.00247238223028,0.0,0.0,0.000628712456321,0.0,0.0,0.000288425704826,0.0,0.00159305733285,0.0,0.0,0.00186481552534,0.0,0.00304682028843,0.0,0.00581687631506,0.00632433732483,0.0,0.00494098547468,0.0015301931943,0.00117351854577,0.0,0.00187339274858,0.00101157292193,0.00141278009521,0.00242201298892,0.00302095866817,0.0179076990546,0.00382193095299,0.00380742449942,0.00309002499987,0.00307859629001,0.0101060804976,0.00393216093894,0.00185776599373,0.00264002423222,0.00400179669683,0.00230707876464,0.00514680009264,0.0382296305861,0.00817268286833,0.0024956521503,0.00409975692825,0.00315615612527,0.00570959379852,0.00392538351498,0.0278009529958,0.0119197036047,0.00788063631194,0.00823620054558,0.0187113610449,0.037276536348,0.0228396095507,0.0177797293824,0.009765481166,0.0323934575583,0.014388495218,0.00859407857504,0.0607649815846,0.0131302128715,0.00803568990601,0.00740984222321,0.0214245461993,0.0532634820213,0.0269067138628,0.019869488693,0.00432629987916,0.0305101597536,0.00933625395,0.013746765398,0.101174540287,0.0385320460758,0.0126105162278,0.00328267419668,0.0374682156287,0.0531614863026,0.0301782879195,0.0234776238373,0.0108936002529,0.029827770506,0.0243504047561,0.0243348412832,0.0463161404727,0.0430843273965,0.0140862859733,0.0117799076317,0.033423999634,0.0326019829401,0.0162160321057,0.377261458163
0.000759131260741,0.0,0.0,6.03728383574e-05,0.0,0.0,0.00066540904663,0.0,0.00226113363985,0.0,0.0,0.00303869042164,0.0,0.00394469794047,0.0,0.00430618660806,0.00434984098855,0.0,0.0044191458909,0.00336417793652,0.00245767582666,0.0,0.00166068218203,0.000409191594828,0.00136873254173,0.00210965076675,0.00316796505122,0.030075265674,0.00273916279427,0.00346073548797,0.00541400032221,0.00176884563442,0.00664434666248,0.00155166740991,0.00269347400718,0.00280372498361,0.00369722562047,0.00174260041565,0.00329292440078,0.0217878569426,0.00237181015148,0.0022282229911,0.00657291175287,0.00112429653318,0.00316775727981,0.00839591743254,0.0298274948814,0.00700496386516,0.0034959855301,0.004023485761,0.0185601300897,0.0268358692684,0.00942008424364,0.00459286243387,0.00757252430116,0.0245451783504,0.00514144022137,0.00727497785187,0.0692283118559,0.0151682370061,0.00468124438586,0.00490426962363,0.0205296626006,0.03706144074,0.00556585447418,0.00255652666906,0.00361853979673,0.0275084744452,0.00839171200442,0.0141930238406,0.0877363560717,0.0139815299247,0.00679004689461,0.00807575643881,0.0480626761831,0.0583273669452,0.0266787752997,0.0229315377888,0.0141960795109,0.0178307345931,0.00413257325492,0.022215979138,0.0475320464581,0.00439684556177,0.00157816138439,0.00321296065357,0.0389447872346,0.0384075841863,0.00651632825747,0.303652242165
0.00177759136979,0.0,0.0,0.00136941526008,0.0,0.0,0.000973092371317,0.0,0.00115573616436,0.0,0.0,0.00113854222049,0.0,0.000918711435996,0.0,0.00110247650977,0.0011557087787,0.0,0.00131799305783,0.00165729034051,0.00199538429872,0.0,0.000803234301124,0.00164770569273,0.00257238571503,0.00402448037095,0.00499724052998,0.0371263467923,0.00423234344365,0.00221614239476,0.00392564273177,0.00212641695447,0.00437337248859,0.000657272080256,0.00121570933579,0.00119990933527,0.00090743594082,0.00214712890851,0.00364051611408,0.0211837348603,0.00477958158444,0.00512398798276,0.00479171798206,0.00209705173181,0.00500176910724,0.005670524853,0.0298513110596,0.00740499422076,0.00431529771714,0.00689652028616,0.0239051887818,0.0239319673813,0.00842795125878,0.0120192143362,0.00703368761892,0.0343312214199,0.0109403553846,0.013823186135,0.0444809331462,0.0198046893099,0.0174609058475,0.0157752226538,0.0322535382447,0.0655281797624,0.0282263367959,0.0584764067202,0.020843757975,0.0457688296196,0.0200307815555,0.0324017445453,0.0701336644536,0.0273262054199,0.0229158315439,0.0255481317263,0.0272410325184,0.0496881467077,0.0113526138528,0.0401414950048,0.0381736166678,0.0358516831929,0.0329875596743,0.0391280324829,0.0438364377259,0.0390280597667,0.0431766822743,0.0383317811081,0.0597420959877,0.0335964605532,0.0527921217065,0.472127722603
0.00158761003821,0.0,0.0,0.00214035339957,0.0,0.0,0.000250574771105,0.0,0.000769516212293,0.0,0.0,0.00162001825527,0.0,0.00239709686867,0.0,0.00137895514587,0.00140797875061,0.0,0.000443871527432,0.000967292011686,0.00133598211744,0.0,0.00217617721044,0.00159288785529,0.00304039361984,0.00382781724615,0.0057048934036,0.0383100536429,0.00664887402463,0.00533456368593,0.00836323792537,0.00261247959424,0.00414371576411,0.00116110490061,0.00293862402881,0.00387733556904,0.00239388021345,0.00456027092504,0.00406716104306,0.0308568012942,0.00876357124064,0.00553333652619,0.00528945639161,0.0036564103265,0.00642252110336,0.00558080383402,0.0365717787663,0.00784705485962,0.00940389386697,0.00730132139607,0.0223867477412,0.0242955284537,0.0101294077566,0.0140708293332,0.0102164623949,0.0419247935827,0.0112236331071,0.0124629264629,0.0674311932702,0.0194921843896,0.0222236610428,0.010526356263,0.0202481522173,0.072199982635,0.020616349065,0.0540035058065,0.0119883767473,0.0411894472101,0.0160527227496,0.0230510825763,0.0346195829372,0.0117304973652,0.0146014611324,0.0102239506931,0.0164888695163,0.0341309056629,0.012983795852,0.0194868880806,0.0193679074878,0.0188357848596,0.0274027478208,0.0251534047957,0.0387137679921,0.0239723302863,0.0175479840493,0.0144120284594,0.0334983728265,0.00830777797121,0.00734606366014,0.265734781192
