0.000497847779808,0.0,0.0,0.00051826147155,0.0,0.0,0.000613066523887,0.0,0.000742032434853,0.0,0.0,0.00131014289721,0.0,0.000452446710274,0.0,0.00044742062232,0.000551187081187,0.0,0.000873127840086,0.000361418966231,0.000555830162636,0.0,0.000638670138337,0.000823410398985,0.000450436125682,0.000535823863175,0.000568279339375,0.00126135849946,0.00055612405541,0.00065408045184,0.00105374176945,0.000735436227282,0.00124033767171,0.00055797950618,0.00120849311994,0.00308787645299,0.00214415092966,0.00163422226473,0.00191800996066,0.00630054692175,0.00402483770534,0.00786511080049,0.0191065118186,0.00637756701258,0.0132424033033,0.0209024942274,0.138073881073,0.0248632003534,0.0135855389842,0.0143294334521,0.00731117591073,0.00849030316185,0.0103373069938,0.0765923588543,0.00986456002662,0.00496901532957,0.00927762798663,0.00596691181006,0.0220708903089,0.00692403582104,0.00331856092869,0.0109558371801,0.00362781807747,0.00794753560806,0.0106284676618,0.0191447937659,0.00567951965601,0.00486190414525,0.00772065551022,0.00396378502596,0.0102341742008,0.00340168030341,0.00270217164917,0.00828095069875,0.00446411619793,0.00297239741145,0.00278853954341,0.00241710559248,0.00143061011306,0.00154010090868,0.00313712415736,0.00137674563188,0.00159545221762,0.00137147594711,0.00167743695988,0.00160365612156,0.00145896001321,0.00137745039983,0.00131725500165,0.0353256003766
0.000521904134451,0.0,0.0,0.00051004816038,0.0,0.0,0.000326499191686,0.0,0.00056279466339,0.0,0.0,0.00106529525128,0.0,3.11032962463e-05,0.0,0.000457718538514,8.65602219725e-05,0.0,0.000530499417172,0.000532629835707,0.000214715435811,0.0,0.00035442529976,0.000479281948939,0.000253768175163,0.000305517484504,0.000408274739958,0.000768327551656,0.000433391310969,0.000354848342531,0.00111063501395,0.000430576647703,0.001010512883,0.000406709683504,0.0024103388934,0.00213009977593,0.000975571326563,0.00123434517399,0.000967019850708,0.00890083375589,0.00404142587507,0.00693942944616,0.0152367816368,0.00845189203667,0.0126819500628,0.0226075624992,0.134253537954,0.0304521900972,0.0164266307312,0.013012572116,0.0060356681348,0.0111892371508,0.0114427132517,0.0718150950955,0.00784674717343,0.00870062653143,0.0104136933478,0.00712434803777,0.0301373023469,0.010388652029,0.00599043000655,0.0117551185034,0.00598025043097,0.00981751448447,0.0125486901893,0.0255053566406,0.00870167900841,0.00541047413727,0.00874972330028,0.0048901789614,0.0124597294352,0.00511576903144,0.00484585799705,0.00952545115567,0.00452545680498,0.00517026630795,0.0038505771529,0.00357509130156,0.0029874502668,0.00266203318844,0.00528560480951,0.00315622941138,0.00352766526265,0.00337161320259,0.00355045815295,0.00336300609491,0.00306181045154,0.00321232682424,0.00300157580518,0.0912130738669
0.00573748991402,0.0,0.0,0.00335370395161,0.0,0.0,0.00827641968474,0.0,0.0215863860232,0.0,0.0,0.0365640358806,0.0,0.0536125115658,0.0,0.0708259672909,0.0788870814802,0.0,0.0682323554394,0.0425262811346,0.0111115114588,0.0,0.0132280303056,0.0221509167785,0.013961190448,0.00536832044145,0.0198210681587,0.0278497829117,0.00961087639415,0.0128861328257,0.0139333327999,0.0174646334777,0.0199771156774,0.0308285883126,0.0783297989369,0.0297291540754,0.00457774293338,0.0117207482375,0.0127907394485,0.111679733183,0.0523722885209,0.0622592668987,0.218604176815,0.098944970421,0.0343675710739,0.0344421346243,0.171448423665,0.0352839550019,0.0277816887713,0.0290167279446,0.0295215190331,0.0257999477787,0.0245717351492,0.097589924244,0.120263243556,0.0693711373531,0.0417632075976,0.0346006130631,0.138296255493,0.0739564454674,0.0587244113096,0.126543683663,0.0902122514831,0.0604063910984,0.0415664062584,0.0402841478693,0.041860066245,0.0357991623985,0.0389369377181,0.0256896801758,0.043760514711,0.0333318269309,0.0304034640124,0.0711065602376,0.0759753964968,0.141074872036,0.102743276172,0.0583941219516,0.0550921951166,0.0564920083989,0.0530676958319,0.0451103479809,0.0656218695409,0.103163562069,0.0810061058685,0.0742456992643,0.0419253700203,0.0406959360785,0.0471638844473,1.89826875792
0.0136074155238,0.0,0.0,0.0161057388731,0.0,0.0,0.0215997476602,0.0,0.0293827471841,0.0,0.0,0.0395742565347,0.0,0.060824224044,0.0,0.324092343604,0.125703242664,0.0,0.0480737048991,0.0314496115014,0.026003986561,0.0,0.0209743433297,0.0170347594632,0.0168465252922,0.0180232398908,0.0158881470843,0.0355546735451,0.00706415740735,0.00770479556013,0.0209218408612,0.0070046446284,0.0281633871209,0.015479660543,0.134703133369,0.0298237719221,0.0133956957387,0.00953125105624,0.0137819133096,0.0876550609722,0.0190205619035,0.0331277727535,0.164499934694,0.0900986020886,0.0202742322525,0.0183825748283,0.139818919062,0.0104954619541,0.0121310622632,0.0597723233873,0.0608750413421,0.0759811788873,0.0268277326722,0.0716151901656,0.0860013092932,0.0954758386652,0.0467708133233,0.0256670662717,0.127742629452,0.0404734551192,0.0526399444291,0.111997916976,0.137331913319,0.0605260572103,0.0403468872792,0.0561135855084,0.0510240579525,0.0471601352532,0.0333056781806,0.0252273764445,0.0538229941816,0.0489220671582,0.0344633394467,0.0948626147485,0.0990860334776,0.122297692414,0.0900789243963,0.0536321176285,0.0626434181177,0.0557337647785,0.0582792683795,0.0488722659297,0.0845081074631,0.12442815087,0.13819400708,0.0730382940113,0.0603767646486,0.0446169797344,0.0465492813637,1.24088469215
0.0155725525987,0.0,0.0,0.019588979791,0.0,0.0,0.0249130100758,0.0,0.0347818712334,0.0,0.0,0.0467846469222,0.0,0.070445826974,0.0,0.317085252567,0.116564704031,0.0,0.0575367552663,0.0338796437379,0.0246373124753,0.0,0.0188132179263,0.0171463639702,0.0128917459448,0.014064417522,0.0110542894353,0.0322962811071,0.00761073216707,0.00638988706008,0.0200341686283,0.00910363632266,0.0281240957583,0.024274110143,0.235738406231,0.0399513856708,0.0205467680789,0.0108583948752,0.0208780062391,0.0766367308858,0.0120298942877,0.0326589402726,0.068122412989,0.113792091447,0.0196696628557,0.0195538792291,0.150442493496,0.0215645075685,0.032452303281,0.0268003128219,0.038426461216,0.147017531526,0.0312356780645,0.0635478441485,0.0141908233111,0.0852304921242,0.0246728584774,0.0277397813925,0.0886466000055,0.0444551064771,0.0360320596665,0.0539560997579,0.0997956085493,0.182181024707,0.0244751812497,0.0385314502236,0.0194801820437,0.0406680198765,0.0245631704327,0.016147534679,0.0317433065017,0.05469945467,0.0250237994714,0.0333914436745,0.118443362827,0.0953404923905,0.0439600562563,0.0570441371672,0.0356207914266,0.0635037451731,0.0311537657417,0.0546247944937,0.0381547258721,0.111117234097,0.0910472916691,0.110697952175,0.0619976924972,0.04563473006,0.0369005736716,1.30745743403
0.0147108208656,0.0,0.0,0.0158609576636,0.0,0.0,0.0210528199225,0.0,0.0253450175905,0.0,0.0,0.0388146637113,0.0,0.0697361076977,0.0,0.314971250243,0.140890088609,0.0,0.0522403293154,0.0326210644594,0.0273631097701,0.0,0.0203660593677,0.0181675449105,0.0150060191869,0.014053685826,0.0152873441261,0.034408244864,0.0137423106336,0.00931983542513,0.0263969466248,0.0134825174523,0.0239262307468,0.0180893093006,0.217339928621,0.0238827093135,0.00556333668331,0.00455080041226,0.00697307072755,0.066476017454,0.0155828210363,0.0263481108825,0.0443764240688,0.205695980173,0.0201203122559,0.0151515549232,0.128247358627,0.0254343395032,0.0461735842024,0.0450980042706,0.0357280477694,0.0878242619636,0.0404306431055,0.14634421859,0.0187577422599,0.0580818522123,0.0512009689226,0.0535097503805,0.0874770902668,0.0299854642813,0.0338630819417,0.0400395538396,0.130641874975,0.170231080264,0.0393445374184,0.028683729036,0.020269150213,0.081806046631,0.0331038433515,0.0283587790323,0.0645880953891,0.050885831124,0.0320808609121,0.0371926571229,0.124850673697,0.0720085927831,0.0479436512491,0.0566982351941,0.0339065697838,0.0667468565226,0.0285188563552,0.0514028208924,0.0363836816205,0.0794383373251,0.125953105057,0.0785112325082,0.0590373646129,0.0494883956862,0.0418551864366,1.477431564
0.0161656922082,0.0,0.0,0.0206834616934,0.0,0.0,0.0226329488546,0.0,0.0293240991616,0.0,0.0,0.0428015657959,0.0,0.0693420012256,0.0,0.332756855187,0.123009144132,0.0,0.0510053768526,0.0339884164312,0.0241964082992,0.0,0.016618893888,0.0156167759526,0.0119912191406,0.0107049018903,0.0144699105559,0.0638234881979,0.0105748495933,0.0115270321014,0.0150842832339,0.00647055641458,0.0136869009078,0.0167123322035,0.214473954794,0.0350029544112,0.0109191618913,0.0115724584384,0.0257169993945,0.0739000513722,0.00432761760823,0.0280017322065,0.0312889878014,0.131028980963,0.0253321955894,0.0303456048915,0.221140558819,0.0366091497532,0.0460175559736,0.0288714381533,0.0273332944719,0.134492199668,0.0318560377179,0.0904330432965,0.0184841338439,0.151183980831,0.0348693301376,0.0315313629945,0.0642328044979,0.0390909472032,0.0278630354107,0.0370191125768,0.169457620017,0.184690592151,0.0295902445911,0.0434028703554,0.0208650442697,0.0775562880276,0.0292371453923,0.0182535337111,0.0619570735852,0.0880668910702,0.0255261458871,0.0467600424958,0.162146693642,0.112841086344,0.0524604911032,0.0709141151716,0.0287834678488,0.0742698115816,0.0455389353799,0.0464096407182,0.045281261511,0.0992784137876,0.153888191657,0.0927448300037,0.0633830749433,0.0486454924274,0.0468177607105,1.6824590522
0.00778515338415,0.0,0.0,0.0105992582683,0.0,0.0,0.0160773722721,0.0,0.0239638065847,0.0,0.0,0.0365111972054,0.0,0.0631055572267,0.0,0.333780385334,0.136533160468,0.0,0.0597609517656,0.0411691343325,0.0299785534156,0.0,0.0266543703901,0.02538624157,0.0217252016116,0.0212018371643,0.0251110407239,0.0645279267556,0.00190990405882,0.00692457234122,0.00947665545467,0.00852242811517,0.0217376363308,0.0126874438228,0.159956816857,0.0274868542671,0.0161394846088,0.0137844648375,0.0255139685971,0.118474062954,0.0056863220118,0.0212616049118,0.0379777216605,0.0952743895944,0.0157195017357,0.0193546293846,0.14346581793,0.0157087517633,0.024903160777,0.0297599547519,0.0270105473101,0.109761083107,0.0316551408912,0.11768422852,0.0174432426175,0.0664293506514,0.0655084227056,0.0356009658309,0.0813211987408,0.043696226489,0.025898498463,0.0446687737565,0.20545317652,0.23504972118,0.0405482388279,0.0418484944329,0.0196813099214,0.0784103095485,0.0260916873168,0.0167395939778,0.0440643027617,0.0918410826466,0.0230561717911,0.0491353348698,0.180437902804,0.0786549919184,0.0537285037492,0.0782854673198,0.0375105364575,0.0549928381024,0.0427649836218,0.0599747007926,0.046388383131,0.102954788297,0.151210959785,0.11102309395,0.0666563214788,0.055878969419,0.052414762166,1.74344566314
0.0236979908152,0.0,0.0,0.0257936324043,0.0,0.0,0.0316867079807,0.0,0.0394361121089,0.0,0.0,0.0490424289543,0.0,0.0879049611397,0.0,0.344253955252,0.145777495529,0.0,0.0493923322909,0.030755609164,0.0233346147611,0.0,0.0145566865774,0.0147467705957,0.0122692728722,0.0115785729136,0.0116032083535,0.0593556255125,0.0104499052812,0.0105020537477,0.0188892752207,0.00552312262958,0.0128370048358,0.00486114854396,0.0709093425353,0.0173481883786,0.00982290401069,0.0162409260943,0.0198113657179,0.0569553291135,0.0218497124735,0.0172061085516,0.0171212127831,0.117982652735,0.0208848953803,0.0291325527345,0.195829172585,0.0568464658808,0.036892217951,0.0341432124565,0.0175213897728,0.176923400821,0.0524706357303,0.0786474186184,0.0151167483099,0.0748544593957,0.031024740409,0.0284619536733,0.096058698607,0.0328118538707,0.0298984709513,0.0274954846054,0.182179212957,0.261310602231,0.0502640535698,0.0416847312712,0.0238882819739,0.0659162161172,0.0354779526529,0.0198314645487,0.0518430126309,0.0518722993795,0.023946638676,0.0557846894392,0.187594601477,0.0651852057854,0.0453325742209,0.0752277909894,0.0372671216586,0.0576832784593,0.0393707931216,0.0525041850796,0.0451856895717,0.086893988037,0.112627725202,0.0993636115477,0.0692743324204,0.0467516276283,0.0529653280766,1.7365500396
0.0126390444158,0.0,0.0,0.0172852336773,0.0,0.0,0.0233263859901,0.0,0.0346333932323,0.0,0.0,0.0374707748688,0.0,0.0749788609251,0.0,0.364802533143,0.153420649982,0.0,0.0700273744314,0.0371967474117,0.0286929935326,0.0,0.0208380518075,0.0161193380524,0.0168961446472,0.0147688589444,0.00781366847856,0.0620439474873,0.0211297544357,0.0148296314776,0.0243157577634,0.0105778855035,0.0133490176425,0.00338254585976,0.0170951945233,0.0381772553872,0.0188966883016,0.0184959520021,0.0203936101178,0.0801309811292,0.00688339108409,0.0298452456455,0.0412389031855,0.108765400042,0.106457929564,0.041013774742,0.140209952271,0.0364101847534,0.0387727303547,0.0391091108415,0.0311477799274,0.0511184432817,0.0388522380031,0.113865050937,0.0159628590639,0.0612742157311,0.0550041176153,0.0221878911808,0.0882060354359,0.0501860367467,0.0332914847808,0.0403267233307,0.105184715296,0.0784859200507,0.020884309986,0.0276211216308,0.0179344976083,0.0310098761299,0.0364879255453,0.021695655003,0.0321216529765,0.0341824599983,0.0325777890991,0.028758129644,0.0772962287881,0.0897596595843,0.0511764697151,0.0516789156177,0.0533636278229,0.0481936825934,0.0611527955595,0.0422054456805,0.063591034334,0.10003800745,0.126801090167,0.0793008372091,0.0769972364398,0.0711919526651,0.125708609678,4.20513790876
0.0187454511486,0.0,0.0,0.0207290804262,0.0,0.0,0.0253585878862,0.0,0.0317217853164,0.0,0.0,0.0439910351944,0.0,0.0790140444086,0.0,0.360726181291,0.132075599896,0.0,0.0570286277015,0.0369705925857,0.0268840791746,0.0,0.0210595003819,0.0203947209776,0.0175537174689,0.0138926548886,0.0192498137574,0.0589171076417,0.0114144347763,0.00758053417646,0.015921920187,0.00701502946113,0.0138242942862,0.00974779978682,0.0508213056631,0.00859223693385,0.0104983463577,0.00891925538119,0.0149630994873,0.0984659128328,0.015750883775,0.0107241581443,0.0247181650719,0.0809281572977,0.18288699493,0.0327400312492,0.235841289793,0.01693670763,0.0222384613258,0.0230708481989,0.0254571929644,0.189658767138,0.0425706844263,0.13706475303,0.0241903023966,0.04838955959,0.0800378068819,0.0443562311125,0.0903155056191,0.0383823284135,0.0238907774555,0.0221125893896,0.039391815144,0.137481843516,0.0196518179065,0.029467151329,0.014746900661,0.0238117429345,0.0296784740051,0.00743946268132,0.0298675033715,0.0231275475901,0.0481765452904,0.0344012177671,0.051343423856,0.127138645071,0.0336872145526,0.0424216181098,0.0420694537748,0.0229106270476,0.0503511664824,0.0291907469996,0.136735164337,0.0737249291923,0.0582198011775,0.0469179195097,0.0299828345228,0.0360413776213,0.0883659426861,1.50976957508
0.0207416340909,0.0,0.0,0.0189214797664,0.0,0.0,0.0237942320952,0.0,0.0330113285109,0.0,0.0,0.0517156095193,0.0,0.0810513139958,0.0,0.375359943194,0.155418965131,0.0,0.0718124206732,0.0375800228504,0.0285556067208,0.0,0.0245875632679,0.0228669551968,0.022445653756,0.0167091579959,0.0133883282429,0.0710763619537,0.0147634668945,0.0113147260804,0.0186807318242,0.00719433212908,0.0135013094468,0.00604710462919,0.0715891599141,0.0356594513769,0.0156096383242,0.00912738198256,0.015133053706,0.0453021469338,0.0114009255257,0.0193232716735,0.0202448120302,0.0762740093842,0.0525006630781,0.0729915587527,0.143652598634,0.0411161108389,0.035579620317,0.0224156829818,0.0157594055464,0.11952987851,0.0336811962494,0.116474575901,0.0411671027562,0.0579436149307,0.0697188407854,0.0409948573979,0.148452597101,0.0465603642892,0.0220961418358,0.0332052628351,0.0533203918504,0.131458534516,0.0378609904616,0.0937981662223,0.0153128780074,0.0386859701659,0.0346612340841,0.0166592291946,0.0580689213516,0.0375250538252,0.0403348070346,0.0763946790542,0.157855734018,0.03799979052,0.0311142871525,0.0477758440327,0.0267581715109,0.0258538873688,0.0336081426122,0.0292410595592,0.0493124114132,0.0581084780035,0.159932430477,0.067696576752,0.0590051866274,0.0549745975668,0.065751942237,1.75321870129
0.028548573427,0.0,0.0,0.0552588750847,0.0,0.0,0.0712302322976,0.0,0.0809550926973,0.0,0.0,0.0857923531636,0.0,0.073650186358,0.0,0.282689918262,0.188296458855,0.0,0.0227701497722,0.0332928446233,0.0206764169641,0.0,0.0101630955728,0.0138591069974,0.0166985500586,0.0628983392956,0.0701554839282,0.108498616731,0.01790159713,0.0307734548741,0.0713130696598,0.00815803553657,0.0256034785962,0.0291605789394,0.128239617086,0.0210307345277,0.0214958999956,0.0572760942776,0.0217334429295,0.072988291701,0.0126538953883,0.150543592979,0.0578895144427,0.0437306345793,0.0916433192124,0.082179815668,0.193544575506,0.0583482712748,0.0312013118881,0.110113171181,0.0325331665339,0.0661412408546,0.0435371956734,0.104962911951,0.0397052076841,0.0629502274561,0.0702424386087,0.0179894744851,0.0715427778044,0.046002301815,0.0393553161924,0.0947351134974,0.0634905902255,0.0640783813108,0.0466609986949,0.0606168872486,0.0164550513298,0.0386732951614,0.052203515738,0.027934160404,0.0309590559659,0.0269884729018,0.0382366873655,0.0467231607265,0.051017387409,0.0382902185993,0.0282927285405,0.0415835232277,0.0257738855035,0.0212312151308,0.0213660201587,0.0146705059747,0.0309709657634,0.0253883590964,0.0536554132925,0.0452091578715,0.024090180619,0.0317524509472,0.0355998077649,0.689635680232
0.0088116544766,0.0,0.0,0.0166763415437,0.0,0.0,0.253951121129,0.0,0.0313979728999,0.0,0.0,0.0128463818277,0.0,0.015317321555,0.0,0.0130546344765,0.0168713430743,0.0,0.0773845704978,0.022389859042,0.00842874301336,0.0,0.0106517937776,0.0078600879966,0.0207334268833,0.103711073842,0.0555503508033,0.0424736677145,0.0176860220749,0.0224382909406,0.111394253998,0.0188724210722,0.033801244083,0.0211223772772,0.1940779109,0.0104419758831,0.0246406171582,0.14259754148,0.038133607313,0.0676458704556,0.0210557114707,0.0859119930786,0.0619471425578,0.0419432876078,0.033025670047,0.0411638158825,0.257974909028,0.0534390360572,0.0250758010682,0.168456570752,0.0350902378029,0.0450241120519,0.0314695272276,0.0668718890645,0.0400496079219,0.0415488541117,0.0702307701899,0.0314630966121,0.0567346018498,0.0287711091126,0.0665531375698,0.169432252344,0.0427927106422,0.0404853736823,0.0305751251345,0.0531318061496,0.0149250600564,0.038836977986,0.0404840203808,0.0423884274854,0.0200548602384,0.0270494785053,0.0335136489954,0.0343552960766,0.0473330028674,0.0749111180661,0.0506897407746,0.0571341600653,0.0268226514532,0.0357175586104,0.0234767111387,0.0190128593574,0.0340138163243,0.0451893086046,0.14418297217,0.064644140345,0.0348751123803,0.0395554122336,0.0410510752526,1.37882899892
0.0106358013305,0.0,0.0,0.0212836364136,0.0,0.0,0.249469103733,0.0,0.0280355265924,0.0,0.0,0.0158139908431,0.0,0.0113913101931,0.0,0.0140775893185,0.0145165279506,0.0,0.0712971391659,0.016899134846,0.0105980515413,0.0,0.00764134479145,0.00878654084244,0.0158273742875,0.0913675785332,0.0283899011634,0.0334142070681,0.0197401148665,0.0274553047705,0.133426108694,0.0186536895493,0.0214037516884,0.00698269323363,0.173446408171,0.0482568198061,0.0458772724264,0.14241196534,0.028922306225,0.0406488418589,0.0261803518349,0.0837263466772,0.0773506528793,0.0298631741831,0.14676477615,0.0455009036937,0.185889574059,0.0303031602543,0.0492958751684,0.163962263355,0.047130153048,0.0267750568474,0.0143516194676,0.0690691874747,0.0233706653459,0.0346303320599,0.0524676097577,0.0341983748193,0.0750867292019,0.0354899503167,0.0938559883091,0.216795161924,0.0602237850699,0.0346988680807,0.0280928965745,0.0506635417662,0.0197311058176,0.0358726264559,0.0587063898835,0.0334823874175,0.0235928573736,0.029953156956,0.0467676060029,0.0429832218486,0.0464661185105,0.15943028351,0.0437948678946,0.0718271034706,0.0229058700425,0.0338332119812,0.0219550426029,0.0361876185571,0.0281289410027,0.0690799658179,0.135518751555,0.0771147859811,0.0468052544928,0.032043372245,0.0431823917697,1.47770985433
0.0140971351608,0.0,0.0,0.0278458870038,0.0,0.0,0.238396234601,0.0,0.0275934034432,0.0,0.0,0.0110260750224,0.0,0.00960687522816,0.0,0.00732341598885,0.00734349249999,0.0,0.0602109810313,0.0101823263675,0.0125576727763,0.0,0.0107435567077,0.0124263667535,0.0243570335388,0.0861116441168,0.0452640263641,0.031178310329,0.0170614979603,0.0204363761924,0.131271704515,0.0282977076491,0.0257412442701,0.00650737462683,0.25429009416,0.0373443286909,0.0476585372778,0.110566427418,0.0309044566823,0.0261730566227,0.0250504759816,0.106329281868,0.0630502012946,0.0481626047169,0.163196423049,0.0380834126897,0.109162031643,0.0119756387904,0.0339599789811,0.077688481662,0.030210013474,0.0237090277891,0.0261876508404,0.0669775161217,0.0373140595388,0.0270537597084,0.056357331117,0.0224688909863,0.0748312177356,0.0380341451301,0.0845422233297,0.238863303583,0.047416532318,0.0479461644294,0.0243731750982,0.0553582489306,0.0285195960891,0.0471370755945,0.0498326490093,0.0377694889901,0.0252910124002,0.0279497909005,0.0405269956086,0.0362464575695,0.060049115867,0.191309656046,0.0397463649352,0.0623655240377,0.0274807041067,0.0463361695322,0.021345161121,0.0420654795429,0.0426166463297,0.0576355451518,0.132021379614,0.0616258422147,0.030507685565,0.0322216429141,0.0363168718773,1.36207027487
0.00699709090897,0.0,0.0,0.018293382299,0.0,0.0,0.238100152625,0.0,0.0280825778602,0.0,0.0,0.0183341356422,0.0,0.0141237172485,0.0,0.0101057802261,0.0148035075353,0.0,0.0562538613793,0.0228804045704,0.015820301248,0.0,0.0167112021271,0.0246341338462,0.0300296963269,0.104056412445,0.0349771603015,0.0139909880266,0.0101594190855,0.0210081977387,0.150724464957,0.0300785154343,0.034605609546,0.0195192610573,0.121772366559,0.03253324968,0.0301947366039,0.167527464214,0.0251996982116,0.0267013249865,0.0350712964428,0.116269691864,0.0683443893038,0.0498972232223,0.0941231353025,0.0246750242931,0.10582842446,0.0219394978093,0.0346007044474,0.0908747573364,0.0349640262216,0.050178598668,0.0289649729615,0.042709260523,0.0188519616206,0.0210987803745,0.0454509958037,0.0259939690633,0.0753522651812,0.0361967415282,0.0868565093261,0.200714082366,0.0375805382308,0.0474954189558,0.0315139973277,0.0482247977799,0.0270876141295,0.0318628390621,0.0459142461713,0.03432162614,0.0189487902916,0.0289037554339,0.0440444592043,0.042602877178,0.0527854215115,0.197825539816,0.0369719184794,0.0481166248127,0.0223324898129,0.0344150934723,0.0169340670314,0.0338066713581,0.0361844679338,0.0531390560317,0.126998814866,0.0698739873758,0.0377062548377,0.0291781433281,0.044158165286,1.21231834649
0.00988284758891,0.0,0.0,0.0181515029897,0.0,0.0,0.245226223224,0.0,0.0260220293432,0.0,0.0,0.0145002669637,0.0,0.00984438902032,0.0,0.00610960916504,0.0144290672457,0.0,0.061883015399,0.0148076767737,0.0115502706206,0.0,0.0115636021404,0.0168520904286,0.0267052871753,0.114906828075,0.0472084902846,0.0243492688791,0.0107241291584,0.0192991221239,0.14457189376,0.024554365057,0.0295554110538,0.0130802451735,0.119289315985,0.0196312819175,0.0130383732618,0.117299672697,0.0542182592714,0.0451803301834,0.05939300919,0.172912269635,0.0438465522747,0.0335606173133,0.0822329909387,0.0252470898695,0.115215626339,0.0337902714005,0.0398816811359,0.234440400886,0.0404107533531,0.0270818955562,0.0269422663864,0.0799070716766,0.0179737771086,0.0328332379049,0.0624111175703,0.0231832639354,0.0635928994817,0.0393727995043,0.0565441170258,0.266929723196,0.0548538931044,0.0403640042891,0.0208564980877,0.0565770641497,0.0175969522117,0.0229718520943,0.0534651412233,0.0304895717179,0.0223931251854,0.0301053881883,0.0505264781377,0.0378686310181,0.0628875328363,0.186191024192,0.0360580751164,0.0461141292111,0.0198041885604,0.0340844273737,0.0178979487208,0.0292761246873,0.0377951389681,0.0766619675196,0.092694968476,0.0657373960396,0.0383532810982,0.0275765246784,0.042292972217,1.22789308854
0.013265411924,0.0,0.0,0.0242678212887,0.0,0.0,0.258527191751,0.0,0.0303064395433,0.0,0.0,0.0126475540623,0.0,0.0043268534601,0.0,0.00244551923485,0.00873845652693,0.0,0.0510403759253,0.0142036658127,0.00486592269255,0.0,0.00659922739659,0.0116763730069,0.0168932872161,0.109363904746,0.0681135482098,0.0595288137254,0.0184613241264,0.0190521164457,0.102963115501,0.0225354369951,0.0361718391055,0.019960301657,0.104547496814,0.0115601167178,0.0124382264834,0.12578280658,0.0205394911685,0.0381607773009,0.0513113334774,0.249025371288,0.0646987564002,0.0226347850467,0.0820699482154,0.0321250430889,0.0972597222801,0.0248619969762,0.0313036982145,0.147410159838,0.0130516556276,0.0355310553102,0.0195270430371,0.0909683026707,0.0328896241773,0.0296029225084,0.0697027713425,0.0180060604456,0.0557275179881,0.036989162388,0.107984492636,0.244472773014,0.0451179269546,0.0638488713776,0.0338353342785,0.0707368670412,0.0260378085674,0.029929533351,0.0476867949367,0.0337469878883,0.0181399411517,0.0307574857476,0.0504891661319,0.0446620558297,0.053875631914,0.133891647965,0.0382935896796,0.054074564863,0.0218204167064,0.0260537845797,0.0155425742639,0.0373089011059,0.0301750874886,0.0892406241026,0.0848459568896,0.0669201790431,0.0406975078468,0.0296277101534,0.0514499219557,1.29837131338
0.0225844782939,0.0,0.0,0.036661312039,0.0,0.0,0.26481945059,0.0,0.0205801539522,0.0,0.0,0.00691702596261,0.0,0.00756979639791,0.0,0.00359683260412,0.0148814592826,0.0,0.0513871309429,0.00477105967366,0.00536356231738,0.0,0.0130074311343,0.0134473509318,0.0347400301049,0.110422597262,0.0576138500412,0.0347435916383,0.0131475584874,0.011158298383,0.0549537360537,0.00620707532288,0.0125872050366,0.0127612852587,0.0922017343309,0.0328349796604,0.0283765684416,0.0504896098941,0.0174288869895,0.026666490536,0.0155490969777,0.246172546718,0.0682857749443,0.0284700541527,0.11025179082,0.0464520976325,0.130981471228,0.0334286929865,0.0475311542587,0.266418389434,0.0345483962375,0.0257682590503,0.0319304986784,0.101776053989,0.0187769858805,0.0208080559253,0.0405823864119,0.0204438673624,0.0725472285139,0.0330989630745,0.110541459227,0.293371758926,0.0475157188347,0.0419488724672,0.0335279544334,0.0594047422267,0.0240527523486,0.0319594852153,0.0381025465486,0.0385512925059,0.0174722155258,0.0333169045633,0.0432489741338,0.042939381805,0.0497938110816,0.137685049288,0.0280083149635,0.0501486587521,0.0179684205689,0.0240488104004,0.0164341951865,0.0371459585196,0.0370898113962,0.105665943009,0.0677822346975,0.0602283621809,0.0315605726795,0.0311901861071,0.0487610135501,1.18847671345
0.0108560033806,0.0,0.0,0.0218045704545,0.0,0.0,0.277625945947,0.0,0.032637057143,0.0,0.0,0.0160214754706,0.0,0.0136573633158,0.0,0.00673718836236,0.0099327323126,0.0,0.0523111300039,0.0174255097485,0.0133846059284,0.0,0.0149276631018,0.0173663089754,0.0286610931968,0.116786338291,0.041715555569,0.0277075974807,0.00731969589655,0.00515238510283,0.0380377776298,0.00823834118016,0.00956652891015,0.00553932682637,0.0470445884617,0.0269899522733,0.0202935802717,0.0572138183099,0.0135652332413,0.0229501152853,0.0357629305729,0.147917484437,0.123472620628,0.0445160654079,0.0419234119642,0.025824728158,0.0943636387674,0.0450530009443,0.042373579949,0.22934015063,0.0363017605126,0.013814394077,0.0184589873175,0.0958061871802,0.0250984378705,0.0373283081938,0.0574051142115,0.0101153331423,0.0647174303786,0.0329470617404,0.0537612056145,0.193661522045,0.0504851684047,0.051066480066,0.0314178748127,0.0834612799214,0.0155114703383,0.0289037867921,0.0437160924628,0.0296666968054,0.020214692903,0.0366108689232,0.0493891110748,0.0776958026746,0.0335515017417,0.0659827801531,0.0215745977924,0.0325418643862,0.0238187420873,0.0220559240895,0.0333509374195,0.025049624378,0.0260547629478,0.0878537148628,0.0533086086685,0.0332653209099,0.0218520273348,0.0245561178466,0.0298368927231,0.70279060938
0.0123001185378,0.0,0.0,0.0227201163897,0.0,0.0,0.282931279968,0.0,0.0341980842365,0.0,0.0,0.0205903182818,0.0,0.0127936534243,0.0,0.0122714324774,0.0127064659347,0.0,0.0566335971648,0.0177010858983,0.0140119164356,0.0,0.0138017237231,0.0142860402466,0.0268304974642,0.11648393831,0.0416844491406,0.0356396456973,0.0107314909816,0.0145824616379,0.0564595375118,0.00157799780619,0.00520771723557,0.00618218670735,0.0716126161403,0.00710369362624,0.0136401401227,0.0526749779584,0.0145069742295,0.0180082101588,0.0511546605299,0.0559245984526,0.117672263506,0.0474847613544,0.044162075847,0.0178805710236,0.0555889890065,0.0241320110318,0.0148487229978,0.160106406388,0.0113868787642,0.0270508302725,0.028378884378,0.053437622584,0.0715561907248,0.0241149808875,0.0417878355916,0.0213776116231,0.053807666348,0.0326298682661,0.037297994783,0.132323685105,0.023284300169,0.0457144022124,0.0291392840027,0.0591248452079,0.0324178430751,0.0240382096834,0.037827087319,0.0227092525975,0.0286211793696,0.026653325023,0.0247901245062,0.0532281850523,0.0294487350277,0.0992358207983,0.102464051619,0.0735149599007,0.0991311003333,0.0422127130233,0.0906705942078,0.0412314156107,0.133485539658,0.0648559968786,0.0437782283513,0.0277176480668,0.0334004231294,0.0597106300634,0.0611256574293,1.14440548546
0.0115690615357,0.0,0.0,0.0293738450514,0.0,0.0,0.29047099627,0.0,0.0411401709997,0.0,0.0,0.0164033319432,0.0,0.0149035838543,0.0,0.0124491184532,0.015254883655,0.0,0.0565729264729,0.0147163887464,0.0124592890518,0.0,0.0133327525698,0.0133242924474,0.0312434710967,0.11200364168,0.0595645745469,0.0396222238671,0.0144516742429,0.0177507864681,0.0389168751864,0.0060459405401,0.0121851151971,0.0127914048662,0.062837502099,0.00338211830889,0.00695609308326,0.0234109447884,0.014348451722,0.0320891884647,0.0530492254163,0.13069746513,0.0750549710989,0.0249826783888,0.0325364022147,0.0166386764064,0.0957375595179,0.0322701515338,0.0575444827988,0.209204735902,0.0660510824641,0.0461920485087,0.0346051693712,0.0634374078974,0.0256178208889,0.0210821494338,0.0544149127606,0.0209253164501,0.0599106824522,0.0231789852475,0.0390035789607,0.113247073251,0.0221711302659,0.0474455916284,0.031605432467,0.0668529151677,0.0163055185871,0.0257567946212,0.0348937025455,0.0273853193725,0.0153115619242,0.0251484833967,0.0208826845495,0.020995964448,0.0219085308716,0.0540387268513,0.0473404793954,0.120713102988,0.104355840173,0.119109211619,0.067763466361,0.136260856801,0.128821578714,0.109775878354,0.058986604389,0.0345176489934,0.0280332522462,0.0275689215101,0.0675750196137,1.29165304249
0.0340025315073,0.0,0.0,0.0513897460798,0.0,0.0,0.292407736904,0.0,0.0508480242751,0.0,0.0,0.0492376581433,0.0,0.0380484284269,0.0,0.0339795043847,0.0271355874902,0.0,0.0626138679678,0.0186983894854,0.0099984277259,0.0,0.0170720582226,0.0191518744037,0.00470714168957,0.0904731361616,0.0690922601877,0.0337117213276,0.0233423267886,0.0328914518275,0.0820580116427,0.0271809957406,0.0294940115273,0.00400595700606,0.0575865292658,0.0555175014709,0.0531624921243,0.0353081165758,0.0203515735917,0.0338189112876,0.032545283508,0.0787831735936,0.0813804832146,0.0144402632237,0.115385207353,0.0442267088319,0.0955660722824,0.0364014597699,0.0722282631479,0.205632739215,0.0367129772489,0.0363918192217,0.0200066650803,0.0496291142165,0.0664209344562,0.0373551226154,0.0564931152123,0.0210566081518,0.0464235897026,0.0415860839101,0.0323864725849,0.0740788665897,0.0337548313676,0.0720430724111,0.0313366918143,0.0614155422532,0.0480872096461,0.0320973265378,0.0492949923332,0.0319343965965,0.0326559054367,0.0339911061901,0.0377833412154,0.0321009970618,0.0366881429557,0.0444239306479,0.0484765536099,0.0616052966555,0.0676866639704,0.080181441211,0.130121705783,0.206975854979,0.16852850866,0.285686439389,0.211132087021,0.119260682925,0.10190464518,0.130943067245,0.152940105774,2.74033292879
0.00854253119253,0.0,0.0,0.0104312196211,0.0,0.0,0.0224096438926,0.0,0.048017573443,0.0,0.0,0.366585262694,0.0,0.0782243964051,0.0,0.0369934819222,0.0297892877433,0.0,0.0147858459673,0.0186249494864,0.015047763273,0.0,0.0161210732281,0.00631154097614,0.013666196047,0.0128159834771,0.014723155236,0.0236160505023,0.027471311587,0.0338908489709,0.228351929777,0.0262641369808,0.0304001673371,0.00363963813473,0.00641504573456,0.132785130253,0.0501533641056,0.0313616435459,0.018095911645,0.0720984963254,0.028147404493,0.0878828905721,0.142156293983,0.0317794022186,0.0793998184052,0.0322465783927,0.133774243918,0.083563274942,0.0304094555452,0.105308496942,0.0299485119933,0.0778942539823,0.0343299306249,0.0574606515888,0.0601508951963,0.025689085086,0.0322573142543,0.0217826329551,0.14988956713,0.0437986853328,0.0387660318506,0.0800405185927,0.0243550074293,0.0644335425688,0.0328970532966,0.0612455547755,0.0474640617525,0.0463681663298,0.0337712309741,0.0336640800794,0.0477295874064,0.0256184693566,0.0303197044068,0.045375285116,0.0304908801228,0.0414700429383,0.032935689706,0.0699764754646,0.0765055591366,0.2135430708,0.113313757596,0.161808370739,0.107357192045,0.156956850624,0.0584622508419,0.0361625835718,0.0375572804103,0.0328060151628,0.0778677014153,1.48573170972
0.015425134434,0.0,0.0,0.0173328003245,0.0,0.0,0.0314697618276,0.0,0.0602258938838,0.0,0.0,0.340650720234,0.0,0.0655001685501,0.0,0.0374810207984,0.021482534603,0.0,0.0117872700794,0.0156750813825,0.00714917007053,0.0,0.00486359525836,0.00524278009452,0.0286881091885,0.00996692175086,0.0155284223044,0.0464470930885,0.0183313731068,0.0328838835419,0.225475888747,0.0289419214086,0.0163338064455,0.0187915350111,0.0119238950335,0.0715617037932,0.0311288017512,0.00703686881219,0.0114621648079,0.18243938234,0.0815260546212,0.057347750653,0.0902288410701,0.0284961218573,0.0662526073803,0.0439908085271,0.163860147284,0.0837695521635,0.0258422516583,0.124063155144,0.0245402962784,0.100071864311,0.0221853485219,0.0556841081438,0.0355882842947,0.0280166120272,0.0279550154083,0.0135746722547,0.0766644674501,0.0336577820652,0.0478326936449,0.0496750439081,0.0367752132494,0.0618826992916,0.0284185490144,0.0606552911635,0.0323904373643,0.0387110232559,0.0301257431094,0.0320053059775,0.0539789763798,0.0259459515634,0.0184683036024,0.0425303377998,0.0210445240226,0.0335408400111,0.028543068374,0.0541298196553,0.0833816576388,0.167609706193,0.0975129469538,0.121252723535,0.129975980055,0.050604549594,0.0397403299976,0.0256013015382,0.0260640531468,0.0223008983634,0.0375845794058,1.14270134965
0.0202352874404,0.0,0.0,0.0284035066108,0.0,0.0,0.0395995682179,0.0,0.0646960692677,0.0,0.0,0.354438034406,0.0,0.0704603895918,0.0,0.0296675402511,0.0153801952473,0.0,0.00907582569382,0.00532190842448,0.00171937083073,0.0,0.00325488434993,0.0244521934708,0.02153120694,0.00979136756919,0.0114139142727,0.0272177538637,0.0252567117745,0.0434474707184,0.214387367561,0.0359617079849,0.0338510036434,0.00957335925781,0.0245460189327,0.0638828869969,0.0312129681764,0.0314700948137,0.0377249800555,0.230798253236,0.0140099521603,0.038963357049,0.11287317881,0.0174058818843,0.0523033170233,0.0470803831367,0.256935559265,0.0755701352804,0.0150076350158,0.134921000615,0.0255916068482,0.0705280040766,0.0154230351465,0.0370825181695,0.0838400203703,0.0297019760326,0.0263949139686,0.0226655419332,0.0926080001374,0.0397915872434,0.029539447934,0.0837891168455,0.028815590984,0.0685160373106,0.0299940116174,0.0517789251111,0.0388695026189,0.0318153367993,0.0369443869594,0.0325602364871,0.0480440952896,0.0221163681556,0.0234843069077,0.0607761840463,0.031520066183,0.0307626657486,0.026521209281,0.0442791241417,0.0404922943129,0.123867223872,0.0790276071142,0.0919262704537,0.0875192817033,0.0490973006619,0.0286904509051,0.021654280332,0.0222057704863,0.0185674538835,0.0317838733713,0.835467810755
0.0114912858866,0.0,0.0,0.0127659355833,0.0,0.0,0.0212904389884,0.0,0.038270519199,0.0,0.0,0.364090866793,0.0,0.0738682592976,0.0,0.034397927606,0.0258369237219,0.0,0.0189046339654,0.0184592772852,0.0176550332326,0.0,0.0217274043829,0.0604880086187,0.016170445488,0.00517460070261,0.00396367313478,0.022726673759,0.0162242469098,0.0235049655707,0.138934774665,0.0283696443745,0.0267142549185,0.00801200170946,0.0263377373557,0.107515575419,0.0183728305657,0.0229841945199,0.017613987922,0.220439858829,0.0496045848519,0.0258802140847,0.128995190142,0.0366173716333,0.0257295504401,0.029450760965,0.188675080601,0.0985048845131,0.0545795754834,0.124197322862,0.0125651459389,0.0476840293704,0.0196262262396,0.0457501797887,0.0651062021212,0.0328007878745,0.0445775567254,0.0272155827284,0.103848560063,0.0378085300528,0.0433370907959,0.0613118772084,0.0312599682935,0.0677428221979,0.0362593795801,0.0636729764069,0.0457124489816,0.0330655365935,0.0236179867462,0.0393855251928,0.0557918726068,0.0166902634115,0.0209655016501,0.0731818528576,0.0401803158359,0.0352981989265,0.0276429490129,0.0508230276964,0.0481946489606,0.12861028985,0.0978153596087,0.108620186651,0.0969571155609,0.0391540826779,0.0261031935278,0.0241043518387,0.024407265954,0.0193689683055,0.0345087260164,0.888004009963
0.0198136871602,0.0,0.0,0.0222225089402,0.0,0.0,0.0288715203521,0.0,0.0476454390047,0.0,0.0,0.359806885547,0.0,0.0709365514386,0.0,0.0352661000338,0.0227268505278,0.0,0.0194390098336,0.0166063646135,0.0147406547862,0.0,0.0172132345151,0.0511849454704,0.028480258953,0.0046726521981,0.00764102701193,0.00826556812984,0.00804856619499,0.016740492989,0.112704669556,0.0224731743446,0.0364123403264,0.0177287420615,0.034094042981,0.135975637564,0.0251914137569,0.0119860388427,0.0252151150801,0.249410987025,0.029903897561,0.0190145557242,0.150424501083,0.013011314284,0.0157240804553,0.0498350048632,0.193510739938,0.0859321165581,0.0326662157503,0.126497604837,0.026928995716,0.0247138860594,0.0185147720628,0.0622122516294,0.0583879030182,0.0231261507,0.0374141764678,0.0167423041597,0.102301618795,0.0270557331461,0.0270176340623,0.0398829549995,0.0222377729215,0.0406408397428,0.0366726510721,0.0726048064344,0.0271792489726,0.0281111686826,0.0222691037741,0.0285838574536,0.0471800328563,0.0227085105531,0.014258740314,0.0729410843417,0.0183468737953,0.0289095479525,0.0245367240171,0.0463673369789,0.0729009223347,0.120157630928,0.105523332511,0.0905318025697,0.124251548927,0.0440607113883,0.0236440649852,0.0195566041635,0.0161444239928,0.0154378475431,0.0307234988037,0.861986665157
0.0188774683194,0.0,0.0,0.022404899029,0.0,0.0,0.0296230374395,0.0,0.05854900652,0.0,0.0,0.361445250567,0.0,0.0794308448945,0.0,0.0249079151242,0.0214168487169,0.0,0.0112786186605,0.0138847067777,0.0130646700815,0.0,0.0162734701473,0.056014550433,0.0203492165338,0.00180045843922,0.00377690064946,0.012305867239,0.00642410797655,0.0195998559864,0.119022956032,0.012965415609,0.0192933396848,0.00960301062492,0.00767170330447,0.108737222613,0.0331410065084,0.0297635969479,0.0307889432741,0.0967712787434,0.0385858964266,0.029435134632,0.121206736265,0.0198331184883,0.0157980078707,0.048718263098,0.246009669138,0.0724820532285,0.0238620015913,0.0507274601288,0.0121327518151,0.0272038887879,0.0250652781336,0.0503057069201,0.0773274888856,0.0173266533247,0.036086825471,0.0331479197443,0.0882993525539,0.024064037805,0.0256329165256,0.0721370060807,0.0222044754206,0.0440784839189,0.030722088764,0.0808399729699,0.0436034672409,0.0272874599415,0.0259483840619,0.040333895333,0.0430934464737,0.0206113703994,0.0198601499614,0.0669167583561,0.0328883442811,0.0381460567909,0.0214611353588,0.0423145235611,0.0288280307888,0.0485281737184,0.0604005808796,0.0452266323617,0.0411911932333,0.0210757922136,0.0157957753072,0.0135515234976,0.0144199206251,0.0109549358849,0.0118905035127,0.361490060609
0.0107209435715,0.0,0.0,0.0156859259042,0.0,0.0,0.0199634207282,0.0,0.0412564007647,0.0,0.0,0.360771602025,0.0,0.0684529999922,0.0,0.0337783484177,0.0215741420063,0.0,0.0136289495975,0.0114051600057,0.0106252195643,0.0,0.0037140432547,0.0477051796187,0.0346880873639,0.0177988575851,0.0126867168783,0.0316836322378,0.0163634094044,0.0123345163887,0.0929403228346,0.026059214854,0.0327803079748,0.0128704830385,0.0396117837973,0.113927921083,0.0043751237383,0.0139373115402,0.0194449156489,0.126266600929,0.0196537671217,0.010267070057,0.110266602171,0.00920777484733,0.0299400218878,0.0379292308799,0.170323536419,0.0717698941383,0.0205074375916,0.0598538691207,0.00895949750368,0.0335720124662,0.0156789349125,0.0323382486731,0.0434264185946,0.031609103427,0.0224052959598,0.0144325506974,0.121125319771,0.0321402154793,0.0309076717668,0.0704455868138,0.0231277631059,0.043100974717,0.0308593739226,0.0667536616378,0.029531725768,0.0299394177974,0.0254769701241,0.0375590585465,0.0494526311379,0.0247128036532,0.0221037420523,0.0555226521014,0.0352802157711,0.0339867974413,0.0223248038309,0.0256835785924,0.0202247069494,0.0313817788104,0.039084361047,0.0283177517274,0.0242949248547,0.0197008615224,0.0179425373902,0.0157428181085,0.0155780201329,0.0194815298524,0.0209739423815,0.412715272154
0.0158867158474,0.0,0.0,0.0190574107631,0.0,0.0,0.0263579616222,0.0,0.050833267968,0.0,0.0,0.387095204809,0.0,0.0695860633158,0.0,0.032677043486,0.0210015527901,0.0,0.0128307301362,0.00972469843321,0.0049542597511,0.0,0.00747166051191,0.0489982895078,0.0374849302444,0.0223196211576,0.014964628946,0.0311013766541,0.0201626191441,0.02670218354,0.115306153838,0.018566725125,0.0163314632165,0.00629404996587,0.0105788159552,0.0517466740771,0.0181192901034,0.0123166028714,0.0249198252959,0.0910114204096,0.023501562681,0.016896813189,0.103668483475,0.0380495855054,0.0328635039203,0.029339282175,0.189908348261,0.0477350244039,0.0349902662735,0.0629699284129,0.0107633983708,0.0360249178684,0.0107437976122,0.0572064881378,0.0204410891152,0.024222503271,0.0295534387558,0.0128424828716,0.102949341467,0.0296904914259,0.0342865818337,0.0521209775312,0.0169512687222,0.0393207797391,0.0234901512845,0.0812838341985,0.0283069838684,0.0248583410222,0.0325427127999,0.0354249589392,0.0628461338582,0.0196373157896,0.0200895944035,0.0743728409671,0.0182081902447,0.0235991039283,0.0150004092141,0.0232705663374,0.014240617918,0.0281365760839,0.0389337245669,0.0162685249734,0.0230339926297,0.012797909186,0.012169651977,0.0131139980671,0.0118738276121,0.00711942332782,0.00852340684747,0.219223520948
0.0207341788518,0.0,0.0,0.0240516201407,0.0,0.0,0.036199652458,0.0,0.0636313782469,0.0,0.0,0.381915314777,0.0,0.078436193488,0.0,0.0324490434079,0.0184352562003,0.0,0.0131753090745,0.00904386600714,0.00652601507882,0.0,0.00922799084062,0.0527920647315,0.0373377227589,0.0222835478912,0.0161643640937,0.0241113669181,0.019988171974,0.0248311747766,0.133655118507,0.0171559915754,0.0144295798819,0.00752289521459,0.00978025043329,0.0259613574902,0.00696970365749,0.00999226024858,0.011896384153,0.114042568175,0.00968998535714,0.0320786318211,0.0915026215266,0.0201397879807,0.0234263338951,0.0300141783904,0.128758601913,0.0480728158272,0.0107990762818,0.0686824778197,0.0105428322704,0.0226917583441,0.0151526059083,0.0344930015469,0.0527336012198,0.0193011549696,0.0263746040334,0.0302946792158,0.111155264353,0.0329807009369,0.0198546061008,0.0407637584958,0.0190558092595,0.0480891521893,0.0259104983409,0.053776911052,0.0425906316132,0.0219948158004,0.0250105584529,0.0439078884077,0.0553544694484,0.0144375919295,0.0204922437513,0.0596132427755,0.0233761779048,0.0253953668097,0.0178991619184,0.0173226116005,0.013343289049,0.0231959766953,0.037107919154,0.0161301375004,0.0174958868656,0.0123168345522,0.010336311746,0.00963929526997,0.00848074323271,0.00494191259966,0.00542832308148,0.105293953755
0.0103867180411,0.0,0.0,0.0163264619777,0.0,0.0,0.0295534556819,0.0,0.0498089399826,0.0,0.0,0.375439047631,0.0,0.0823485905425,0.0,0.0421813303724,0.0288378512503,0.0,0.0199803651449,0.0206891411503,0.0240573362313,0.0,0.0243662576355,0.0653143735601,0.0234110443072,0.00721630548296,0.00202343233648,0.0102804988573,0.0106168828928,0.0163164359526,0.0863273719341,0.019954422549,0.0229035704299,0.0123385869099,0.0179650084889,0.0224385129742,0.0134106406692,0.0112073805554,0.00477575008101,0.114424035655,0.0186972237899,0.0226878872283,0.0990482411851,0.0273204218999,0.0269781657597,0.0345320510993,0.231488318238,0.0243378043354,0.00811273175899,0.0474052731249,0.00634666600796,0.030370321626,0.0191110092952,0.0617222482122,0.0271527991207,0.0209830868401,0.0268166960047,0.0207673064545,0.0918222257545,0.021918075247,0.0181700001514,0.0275986006807,0.0209309419163,0.0347872278497,0.0166053193683,0.060715836484,0.0264908901512,0.025324463494,0.0185559336082,0.023282300068,0.0359970332844,0.0139839756363,0.0193458028306,0.0626488788171,0.0210094270893,0.0242996086267,0.0160611773973,0.0142298274517,0.0115751800831,0.0219012964429,0.0227853603906,0.0124141686314,0.0157141565148,0.009652143039,0.0126934891276,0.0103164843972,0.0107900454708,0.00730127394621,0.00884505246015,0.225609363764
0.0140254986765,0.0,0.0,0.0168871785456,0.0,0.0,0.0244640080047,0.0,0.047790110129,0.0,0.0,0.389492925491,0.0,0.0755256159462,0.0,0.0360491601625,0.0252853951806,0.0,0.0214797047611,0.019212948531,0.0206118971119,0.0,0.0253605456701,0.0705710439225,0.0185138356453,0.00719447719648,0.0043821595609,0.0184361422784,0.012333335728,0.0219030162369,0.124362194305,0.0161706615179,0.0153390947169,0.00919334264348,0.00962055750202,0.0315336567744,0.0067162843236,0.00982077387324,0.0130363658586,0.0490945263621,0.00526356775991,0.0245466761789,0.0497010505141,0.0154649540814,0.0238753118842,0.0435651091648,0.277405021106,0.0592480361612,0.0341216425854,0.0536810809944,0.012744127928,0.0136894569764,0.0101911185779,0.0500485305611,0.0198328830148,0.0170084570235,0.0306210355662,0.0269634211028,0.0771489592109,0.0207748861116,0.0139789086051,0.0368354436249,0.0180770072796,0.0265563724844,0.026686238425,0.0466564750271,0.0260857501139,0.0245126334774,0.0167182619022,0.0199153554015,0.0327966688692,0.0168030252142,0.011256322337,0.0455649913479,0.0154111990776,0.0247029795049,0.0188740384422,0.0143582783277,0.00984435855665,0.0149809722545,0.0230611828813,0.0108946822761,0.0121302025507,0.0102901424582,0.0100159101925,0.0102515234586,0.00907704101785,0.00687991491911,0.00736216842318,0.19428163363
0.0241608474425,0.0,0.0,0.0300946217367,0.0,0.0,0.0392013611724,0.0,0.057057005002,0.0,0.0,0.395295365207,0.0,0.0760045877312,0.0,0.0330253293304,0.021754986353,0.0,0.0124504540317,0.0114631595545,0.0152091900354,0.0,0.0198939577333,0.0704197140398,0.0246492833664,0.00468891766208,0.00256695972355,0.00668801702413,0.00774413964632,0.0166547852998,0.116800666879,0.0199713683658,0.0173647331562,0.00671953243275,0.0100127041927,0.0178765739778,0.00478191143252,0.00431254994683,0.00841778013747,0.0521715420258,0.00810680264263,0.0132084904802,0.0817179223893,0.0120421752083,0.0120505191384,0.0350595015908,0.239756310273,0.0545600573284,0.0134763068133,0.0385526978182,0.018569245113,0.0205950606909,0.0158703194403,0.0510900060519,0.042130958552,0.0134731265179,0.0196219581329,0.0156171439484,0.0825553446497,0.0326718773773,0.0268214985711,0.035711860838,0.0115664261206,0.0317139787478,0.0199521930412,0.0421439781586,0.0297415624578,0.0202941215364,0.0168453820017,0.0223878039015,0.0435716725556,0.016634748426,0.0159394607263,0.0478774465519,0.0196466427582,0.0270524151559,0.0111323449738,0.0148000708946,0.0110325700418,0.0178343253741,0.0245702911632,0.00917034285196,0.0119261441633,0.0101548546127,0.00878652779305,0.00840428819571,0.0078806694128,0.0066851160735,0.00685255343684,0.172844941906
0.0120410844447,0.0,0.0,0.016374181638,0.0,0.0,0.0257099278209,0.0,0.0590477073172,0.0,0.0,0.39629268275,0.0,0.0941244101691,0.0,0.0355194440863,0.0218591771332,0.0,0.0184727814312,0.00981944210082,0.0103024654126,0.0,0.00686200353407,0.0477341393694,0.0441510018049,0.0219016364702,0.0178976864331,0.0299084986687,0.0126475397048,0.025802644961,0.130513193591,0.022488617209,0.0302357783132,0.0093976984521,0.0195083367573,0.0217740938741,0.0171273411901,0.0160735191622,0.0141907279985,0.0547901064574,0.0122372942624,0.0137060772606,0.065869937458,0.00699597269608,0.0200682184879,0.0311144296378,0.142249831267,0.0603521107629,0.0109280374437,0.0242641121847,0.00956828353229,0.0235657712354,0.0177797329033,0.0589350622076,0.0326169060461,0.0209613973174,0.0276861000514,0.0143632173435,0.0302767960034,0.0250051492056,0.0232496078244,0.0317986813514,0.0186533341907,0.0445610678307,0.0285630147437,0.0400409382298,0.023758980291,0.01965352721,0.0191262090125,0.0233704290051,0.0354010087884,0.0176355570061,0.0149584779945,0.0423824543924,0.0185241041532,0.0276576699188,0.0191379094135,0.0179793943312,0.0162812136261,0.0176125792425,0.0224521733337,0.0164187998936,0.0144901646735,0.0143010546171,0.0149293608395,0.0134307739008,0.0140740877098,0.0137227348155,0.0144156598077,0.389159626186
0.0179646474748,0.0,0.0,0.0232067096508,0.0,0.0,0.031634993235,0.0,0.0567499748564,0.0,0.0,0.41730614298,0.0,0.0773528281875,0.0,0.0351913051586,0.0205746557388,0.0,0.0151075675919,0.0120893972648,0.010072605207,0.0,0.0104644768133,0.0544910471954,0.0415056008592,0.0240075457422,0.0183633056686,0.0332003329488,0.0175119177487,0.0242863368859,0.139173645469,0.0211699769174,0.0202316241968,0.00637481364342,0.00514010350873,0.0158586183752,0.00666273541565,0.00666282623353,0.00458620143838,0.047221470488,0.00265688706399,0.00861053086625,0.0568846768908,0.00858239209894,0.0111632175345,0.0321926431006,0.111583465782,0.0416489180928,0.0202070883164,0.023423713994,0.00612466106732,0.0136452910068,0.0151841112076,0.0389166161615,0.0298386407997,0.0163765538687,0.0189902000371,0.0103442210094,0.047928218383,0.0176751198382,0.0199145096436,0.0405060762348,0.0132149852548,0.0286049000364,0.0166167840667,0.0531009699892,0.0198593127519,0.0161031779439,0.0230636371434,0.022431671303,0.0317930702573,0.0109610764486,0.015001487884,0.0394488046096,0.0164054398297,0.023944462575,0.0147086725314,0.0139701625007,0.00988201429219,0.0140923003368,0.0219359525935,0.00923547157963,0.010360433439,0.00906240865129,0.00742907811627,0.00960241933419,0.00790107871822,0.00824243329285,0.00808166932949,0.23036090967
0.0194371913164,0.0,0.0,0.0243613070261,0.0,0.0,0.0338444360467,0.0,0.0591073667847,0.0,0.0,0.416231495774,0.0,0.0731085078487,0.0,0.0315172671345,0.0187070515785,0.0,0.0167888489744,0.00909755174623,0.00906950197738,0.0,0.012600892235,0.0578305997671,0.0347907956554,0.019598242341,0.0149137872964,0.0286016880909,0.0166072162452,0.0252049221428,0.12851357251,0.0200372747263,0.0216899378062,0.00612098804049,0.011707821066,0.0176946290241,0.0094681552698,0.00647626999911,0.011068430513,0.056428655418,0.00184817741722,0.012123334537,0.0352150997615,0.00519265442714,0.00698655673142,0.0268146479616,0.0686219767423,0.0322945316232,0.0151663529267,0.0324894392114,0.00214495691101,0.0145569131062,0.0156063290008,0.0368526165906,0.0346099776649,0.0126934596621,0.0148748325046,0.0102782149188,0.0646404638963,0.0161803226544,0.0187861391237,0.0350318481778,0.00620581118483,0.0242697233903,0.0104930632938,0.0251108543579,0.0153315740117,0.0145373962104,0.015049875733,0.0216696165782,0.0289113913483,0.00933952280217,0.012924469499,0.0387316985831,0.0165259355158,0.0159154268937,0.0117411880199,0.00863488883196,0.0058256441124,0.0107676113322,0.0177780583796,0.00779460999274,0.00849572579599,0.00726180395578,0.00497577295695,0.00606867839195,0.00515184253672,0.00450567174854,0.00471236701527,0.133162966811
0.0134003324959,0.0,0.0,0.0161237117019,0.0,0.0,0.0275308783718,0.0,0.0576519491102,0.0,0.0,0.405699045597,0.0,0.0977469664138,0.0,0.0432661500072,0.0297463432159,0.0,0.0269680761106,0.0211833368506,0.023192546893,0.0,0.0298192225946,0.0697631207056,0.023283557204,0.00282654400204,0.00265487591495,0.011853242419,0.0146248937186,0.0174833994986,0.132486625558,0.0245148655313,0.026468752824,0.00888282753825,0.0170522138373,0.0191071749479,0.00764806855929,0.00884238260186,0.00709837602738,0.0542986493101,0.0135888025148,0.0303351547791,0.0306235942592,0.00749082850362,0.0124791507225,0.0389496237191,0.197939481156,0.0283119354927,0.0176599805735,0.0553242916878,0.0117861272493,0.0159249466718,0.00796430008979,0.0440218423326,0.0202097358064,0.012382656412,0.0162632030753,0.0149664112308,0.063782487691,0.0127752176105,0.0082795005461,0.0328406338082,0.0160910215749,0.0258766454461,0.0189642828351,0.0354020883276,0.0246220450769,0.0204198756928,0.0149261433921,0.0182596684603,0.0309393372333,0.0136928362195,0.0160445048107,0.0381090691691,0.00875014286471,0.0139235644366,0.0120789487206,0.0123589410346,0.0106598979293,0.0142188912408,0.0150343007257,0.00901886445644,0.00885756101432,0.00800350866248,0.00882513771925,0.00856331950845,0.00778757199754,0.00843812203079,0.00830003333582,0.232411785886
0.0172640120308,0.0,0.0,0.020096789077,0.0,0.0,0.0318830876995,0.0,0.052202252663,0.0,0.0,0.412478171135,0.0,0.0935754717921,0.0,0.0470529755812,0.0312292487575,0.0,0.0213111918665,0.0226936569544,0.0253026418387,0.0,0.0282889845338,0.0723828979197,0.0233826775311,0.00960624688553,0.00903241040081,0.020453160652,0.0179602683009,0.0246932106884,0.130704613109,0.0212351894951,0.0173059481436,0.0050601897049,0.00533405414127,0.00604116329415,0.00640816348029,0.00180399136579,0.00714280814737,0.0498555385753,0.00500017793322,0.0194003642673,0.0335000067956,0.00621799816401,0.0148584898343,0.0441262102859,0.209391614345,0.0306575656262,0.0196675148112,0.0446022690023,0.0192939298097,0.0189320402969,0.0133869792515,0.034959545681,0.0332573141952,0.013938770099,0.018987610608,0.0107319749404,0.032913437186,0.0172090508753,0.00806544020095,0.0238934064916,0.0114828185465,0.0155962156489,0.0129513069495,0.0335235570019,0.0151539411046,0.0122869098592,0.0120971608244,0.0198227191804,0.0208162614181,0.00974673041922,0.00723044935441,0.0292611517464,0.00923991812934,0.0137013806648,0.00758046995172,0.00747598726106,0.00424459353362,0.00937226208096,0.01163894069,0.00504391062728,0.0059099829522,0.00401963588825,0.00384708777716,0.00393849447135,0.00293331125516,0.00179634603542,0.00191201939978,0.024443470882
0.0218258529127,0.0,0.0,0.0264898455743,0.0,0.0,0.0346121752331,0.0,0.0590089791395,0.0,0.0,0.432465420688,0.0,0.0784575573893,0.0,0.033780592872,0.0208772272951,0.0,0.01447110711,0.0137227815485,0.0157641310295,0.0,0.0211541766706,0.0705915832361,0.0256329482643,0.00709031252603,0.00156851867374,0.00787014074044,0.00960705058488,0.0200870343771,0.13773611925,0.0240010878529,0.0263027175227,0.00824853823185,0.0116591712553,0.0138497135287,0.0134289275909,0.0122806858461,0.0117959221941,0.0522255961911,0.00472075555204,0.00940987262822,0.022965393482,0.00446295060816,0.00786243780559,0.0330570755596,0.144726472306,0.0229926820539,0.00329645655762,0.0230332793439,0.00739120656768,0.018526055253,0.0102971224455,0.046332688221,0.0255573171512,0.0212945813006,0.0128973362444,0.00874167591111,0.0346974245728,0.0104777352443,0.0107747153515,0.0179952160046,0.00861111591542,0.0151486672582,0.0167477732766,0.0368795441134,0.0118277080411,0.0114321831214,0.00919329927843,0.0152431597315,0.0244989170587,0.0108510056066,0.00707158156171,0.030797385704,0.0134227859398,0.0124009208876,0.00813238790307,0.00835889552103,0.00612773504289,0.00813003486732,0.0126471021806,0.00613219595036,0.00731028791518,0.00625484814524,0.00408346962026,0.00487097170689,0.00484189600679,0.00389324674145,0.00395023506945,0.11593862717
0.011167502684,0.0,0.0,0.0196401534239,0.0,0.0,0.0310890000342,0.0,0.0563110506938,0.0,0.0,0.419475362917,0.0,0.086040877291,0.0,0.0443187497022,0.0287054355399,0.0,0.0170453302655,0.0127551777381,0.00909118049323,0.0,0.00510265838356,0.0506796293752,0.0414780724924,0.0235364746408,0.0191668243727,0.0291135679818,0.0138222024551,0.0225667571051,0.140039467371,0.0264864602754,0.0328781330205,0.014820986976,0.0210143883657,0.0216854343999,0.0162053606866,0.0167112101911,0.0177071385284,0.0577730872449,0.0147529019703,0.0344492698172,0.0401016322946,0.0215812616348,0.0254760383647,0.0497940122151,0.19792593527,0.0228432926331,0.005670844316,0.0274033456802,0.0137911072574,0.0137503705584,0.0195399046339,0.0552530203136,0.0110476774218,0.018062515037,0.0212510312128,0.0158691159591,0.0384424559867,0.0106432594939,0.0165268018733,0.0170588385826,0.0113647033975,0.0182478794271,0.0141601898991,0.0382289838265,0.013613562053,0.0182790820598,0.0136746928626,0.0168663296689,0.0198445143143,0.010754493007,0.00986551453191,0.0290562869404,0.014107982966,0.0147143942959,0.00993687131259,0.0119761386233,0.00973597476473,0.010839932579,0.0140685701881,0.010876941481,0.0103261278222,0.0112661580143,0.0100825072521,0.0110423336027,0.0109302461396,0.0101302206495,0.0106234551126,0.308339302345
0.0210391884854,0.0,0.0,0.0246082990499,0.0,0.0,0.0342179976538,0.0,0.0698731868716,0.0,0.0,0.420780385563,0.0,0.0937020898074,0.0,0.0342020402668,0.0263812411902,0.0,0.0129727525602,0.0144927744132,0.00744569666728,0.0,0.012487166131,0.0509729907737,0.0447937975753,0.022069219592,0.0206147675564,0.0368061642519,0.0198925964329,0.0349164402772,0.13637787888,0.0147576987979,0.0149363740113,0.00401648313967,0.00599112952252,0.0143760773257,0.00268462674045,0.00259922834795,0.00304738193727,0.0446163857795,0.00869861734999,0.0224344318844,0.0264990430397,0.00490011629429,0.013953333922,0.0430221300349,0.202113157948,0.0227718397766,0.00957322060852,0.0181851078066,0.00888274023272,0.00805134693929,0.00943148026503,0.0680755661398,0.0282914118311,0.0147282127652,0.012800061772,0.0132094507211,0.0474733090886,0.0172656866243,0.0157317375885,0.0260845538617,0.00842983187754,0.0159596837819,0.0152842866668,0.0314138194171,0.0127716522176,0.0130343021072,0.00909348145077,0.0117892112069,0.013308391325,0.00844988700381,0.00948473433242,0.0218953188301,0.0102492859496,0.0096372363922,0.00808379133274,0.005670194851,0.00488051323636,0.00799928427765,0.00898367660133,0.00510179755803,0.00530017995863,0.00531805792967,0.00481667847545,0.00514357588243,0.00510298907367,0.00414306866459,0.00404858709343,0.118991337306
0.0228690558121,0.0,0.0,0.0224677608027,0.0,0.0,0.0280742139441,0.0,0.0488064413027,0.0,0.0,0.40675366167,0.0,0.082250485783,0.0,0.032525284482,0.0169671808155,0.0,0.00744884034629,0.0089678357515,0.00706945949145,0.0,0.00851163529349,0.0546577480049,0.0378901649141,0.0221876979793,0.018051348708,0.0276484332436,0.0157964272714,0.0269525318527,0.133121282827,0.0228961780306,0.0223310744469,0.00567384593681,0.00659742703408,0.0173956066296,0.0146814423544,0.0220024025068,0.0889165082807,0.210962572803,0.0682209026342,0.0304232562855,0.0358941261504,0.0250673220799,0.0325701619394,0.0577149084072,0.176226849826,0.0686916677937,0.0377875369504,0.0604426980291,0.035027027802,0.112445411794,0.03580868311,0.102264994604,0.017471325057,0.0230967779134,0.0171644916968,0.0108874683016,0.0601589773882,0.0306004730374,0.0269916896181,0.0280767235098,0.021829419366,0.0309097305792,0.0257865187176,0.043334457211,0.0219766029564,0.02547482283,0.0261092579176,0.0215996672798,0.0256878178376,0.0259042256684,0.0383432981967,0.0727314057154,0.105964132478,0.0963609232085,0.0935121728061,0.110109318702,0.0913474399952,0.104044395972,0.0671171869747,0.0505361719076,0.0313415269534,0.0200410057844,0.021445088692,0.0175458993081,0.0225073814909,0.0332666302019,0.0390649190124,0.766530757354
0.00782919518684,0.0,0.0,0.0132651662275,0.0,0.0,0.0204344237081,0.0,0.0459778375992,0.0,0.0,0.377083205332,0.0,0.0752301044568,0.0,0.0385243582806,0.0236781269957,0.0,0.0213026012996,0.0208034590943,0.0218498477944,0.0,0.0267303697275,0.0688242485793,0.0193770575767,0.0038389039072,0.00291410902301,0.0128098536713,0.0121995724616,0.0219289570105,0.128008777083,0.0215590463322,0.02556495461,0.00771083795544,0.0137202283006,0.0190383975167,0.0110066916542,0.0106622072457,0.0364440654771,0.255716856846,0.0489986133603,0.045044070618,0.0245976622225,0.021652024006,0.0251087739143,0.074081715512,0.171144641756,0.0299570455316,0.0114417201116,0.0303215783488,0.0241271435279,0.0838908311757,0.0246215336183,0.0667187776962,0.0155407927687,0.0157121300436,0.00847661470931,0.0115760618922,0.0378114326113,0.00952842234747,0.010934516874,0.0197830363998,0.0139597789738,0.033029403337,0.0135005679633,0.0349798244605,0.0133719595244,0.014697405661,0.0120033135432,0.0172756742057,0.0253138650455,0.0126489835973,0.0152186281971,0.0274898232917,0.0193654550331,0.0235923693102,0.0294116348574,0.05170969392,0.0841939932418,0.0925558032273,0.065217037062,0.0513375575329,0.0704619481273,0.0261390063228,0.021112317775,0.0144534460248,0.01711834225,0.0198103370104,0.0290219718306,0.724331895217
0.0171972684084,0.0,0.0,0.0207719889379,0.0,0.0,0.0333119158953,0.0,0.064273327451,0.0,0.0,0.386586178845,0.0,0.0825368636815,0.0,0.0415517778931,0.0221068389181,0.0,0.0259037437198,0.0183367687403,0.0217825153429,0.0,0.0302189794632,0.066322638908,0.0238545483292,0.00776016005163,0.00979602350313,0.0173013486076,0.0157617514944,0.0203705673931,0.120993572959,0.0225610483228,0.0201649727048,0.0112123646564,0.0138409540011,0.0183030021688,0.0123902795782,0.0195739299502,0.0357619628691,0.213966123641,0.0279474825366,0.01621011266,0.0132747380156,0.0153366639084,0.0266147713528,0.0503851425368,0.22651322114,0.0242827504483,0.0136935111782,0.0283047521533,0.0122132459163,0.0429895913084,0.0143432851463,0.0534800841013,0.0206490569067,0.0168547825923,0.0201756215796,0.0179272697449,0.0719890668698,0.0209018217301,0.00922072835522,0.0203902864304,0.011909491687,0.0332240893156,0.0122877804538,0.0279290532769,0.0120187618111,0.0267912120321,0.0130286406958,0.0172016843955,0.0374091445698,0.0163324982474,0.0201707377317,0.0398271964696,0.038785631304,0.06133887359,0.0444051934716,0.0748255934209,0.0464165063789,0.0423933319382,0.0317652333232,0.0301949467572,0.0646184492455,0.0924947795966,0.0718614070645,0.0412538787755,0.0382007916085,0.0332447293645,0.0433263025187,1.1076478327
0.0108886106986,0.0,0.0,0.0197799239997,0.0,0.0,0.0323540708976,0.0,0.0478483114395,0.0,0.0,0.378274778854,0.0,0.0917794005759,0.0,0.0406457754146,0.017642223414,0.0,0.0112436200633,0.0243894933325,0.0375659780579,0.0,0.0447005107114,0.0763892683155,0.029772344106,0.0139654743027,0.0084034448935,0.0270909478866,0.0395318068349,0.0468010104398,0.13411304955,0.00696260291122,0.0275923553134,0.0141011569614,0.0461870211034,0.0502576201276,0.0144592097139,0.0266381641326,0.014284093518,0.101803355658,0.0456160383986,0.203139527674,0.0750631286548,0.0272812185125,0.0389933209355,0.0383305703299,0.12531425068,0.0137929454341,0.0165762454588,0.028035283836,0.0270343102244,0.039150074703,0.0552669502726,0.0793128938736,0.0316598055613,0.0247396706051,0.0365980514735,0.0765524543128,0.113067933238,0.0515034397986,0.0468203431598,0.0244514816559,0.0304797961657,0.0447307487064,0.0247396573038,0.054464436585,0.0216379526757,0.0303865108826,0.0236801983425,0.0395192023818,0.0409404747383,0.0318686707969,0.0456407928222,0.0406338684913,0.0691957661087,0.0985547328783,0.109691198314,0.0993300736908,0.0728738688623,0.0596211906573,0.0540323075095,0.0620560871639,0.0617450484076,0.124777868601,0.136905990119,0.075234663699,0.0503556188541,0.0403468200536,0.0443470755694,1.47734301758
0.0230235709003,0.0,0.0,0.0292813154192,0.0,0.0,0.0502243437918,0.0,0.122828646696,0.0,0.0,0.289753373414,0.0,0.0679113057085,0.0,0.040514089442,0.0338099880046,0.0,0.0307621614832,0.0312848996617,0.0411357336311,0.0,0.114732642755,0.0773016897156,0.0265446064148,0.0131497350622,0.0112066837231,0.0190611300242,0.00819051985853,0.162280402516,0.00657712819838,0.00443156274538,0.00720412800787,0.00595347915515,0.109268562975,0.0262469600305,0.00838287701385,0.0077324293856,0.0737228687652,0.0419008122516,0.0217630434483,0.21350464856,0.0977677623827,0.0435011920295,0.048111902141,0.0568475656844,0.288944034384,0.0554573505577,0.0563288803811,0.0204770895506,0.0651902716654,0.0268060002828,0.039330167507,0.0881938862852,0.0311518818517,0.0156982890923,0.0443038252963,0.0715293464502,0.0423533436163,0.014740974847,0.0782915275515,0.0212724488243,0.0518460792444,0.0380150628903,0.0222553641768,0.055787309897,0.0438202847528,0.0279517901518,0.0253938809929,0.0676755725668,0.0430769150921,0.0232887545657,0.0607803477945,0.0348899902344,0.0858227779025,0.119422937954,0.0726228189788,0.0984035586886,0.0499097151737,0.0751729434094,0.0480299165966,0.0767388062103,0.0761552962616,0.158617089484,0.10512466516,0.08052256658,0.0466215302998,0.0321081772448,0.0533048646587,1.61151574735
0.0163972445753,0.0,0.0,0.020903282269,0.0,0.0,0.0381304143525,0.0,0.0993117146046,0.0,0.0,0.253028219444,0.0,0.0715775670596,0.0,0.0401330433791,0.0295677564857,0.0,0.0255318429606,0.0280500856117,0.037310261041,0.0,0.0997365232055,0.0694079314897,0.0302810231841,0.0200546734058,0.0177229826317,0.0368344381426,0.022308088558,0.202364738795,0.0416443953377,0.00756644147913,0.00797316086168,0.00314877976389,0.100341308149,0.0201884153536,0.0182331732779,0.0212045818807,0.0795311661541,0.0394630916251,0.0422460722534,0.191467151516,0.0460581141728,0.019167064666,0.035480353488,0.0418470827449,0.292155587212,0.0396766321184,0.0803825763648,0.0105460342321,0.0444589231155,0.0233315975631,0.0450516711743,0.0660746631869,0.0313167799193,0.0164727184004,0.0202456386525,0.0629613603671,0.0762433971227,0.0323224374956,0.0406222939138,0.0199506843406,0.0410811504813,0.021765679445,0.0217782589835,0.0504667995945,0.0441963208968,0.0275576154952,0.0238807337385,0.0491688078586,0.027598654284,0.0267219694184,0.0506871755613,0.0288217411574,0.0838217397565,0.127703267588,0.0755526207151,0.0707184628186,0.0405075845983,0.0668515446401,0.0642929833133,0.0659316345898,0.0683003979245,0.118406494056,0.139795212077,0.0722577934818,0.0421504117119,0.034647695272,0.0437318078591,1.4912165251
0.0240588016289,0.0,0.0,0.0319607436206,0.0,0.0,0.0478688072803,0.0,0.111462781657,0.0,0.0,0.256741608829,0.0,0.0493433184733,0.0,0.0277237462254,0.0199658431338,0.0,0.0116237662795,0.0129561794456,0.016446663438,0.0,0.0816219220041,0.062811886732,0.0265888705126,0.0179052289966,0.0147846116124,0.0296258194301,0.0381036158544,0.238259188315,0.0744396681143,0.0159466315482,0.0294379378954,0.0112853749959,0.0638615593063,0.0278078325188,0.0135150117093,0.0148979070651,0.097053373595,0.0431477156496,0.0201573467201,0.165390437641,0.0236640757996,0.0118146536379,0.0303325551861,0.0100547671736,0.262911481399,0.00821289278784,0.0583683435034,0.0227071263442,0.052463768195,0.0151227193138,0.0486220674139,0.116740654734,0.0323971746676,0.0177987004207,0.034646172171,0.0833720559976,0.0701818297362,0.0321857540628,0.0411089910058,0.0269014404343,0.0447369719,0.0348046475133,0.0186961367766,0.0571519263582,0.042265095189,0.0270410093396,0.0379569561932,0.0502722788266,0.0381272008905,0.0326504386372,0.0702322055117,0.036122095274,0.0848563801175,0.114435937731,0.0702218015082,0.0702882630148,0.0427906272694,0.0662308691934,0.0521327935483,0.0565832345087,0.0718913796415,0.104688360643,0.122441208743,0.0731785330302,0.0472898477937,0.0396863561205,0.0430396095273,1.55877234556
0.0272887875962,0.0,0.0,0.0352496284433,0.0,0.0,0.0529077757801,0.0,0.112712894698,0.0,0.0,0.247630140731,0.0,0.0535131849674,0.0,0.0328442630411,0.0241326203982,0.0,0.0220336487043,0.0212245692215,0.0279033812754,0.0,0.071817178716,0.0370263407973,0.00869362903331,0.00690205928794,0.00827304443057,0.0278604814522,0.0283049195382,0.218574922763,0.0504165942093,0.0138230181309,0.0157479721014,0.00269684570226,0.0292429783055,0.0111568687229,0.00540339285908,0.00763952510086,0.0887797763455,0.0659350069328,0.0319555330655,0.137192521804,0.0427524140391,0.022091119536,0.0474643069506,0.0529535995606,0.47763439031,0.0392303079933,0.0657085063643,0.0307024834021,0.0195103813687,0.0202016650716,0.0344689314612,0.141777022843,0.021112977076,0.0242741657574,0.0225090900821,0.0776014697559,0.10152217488,0.0238944451392,0.0671413382358,0.0111836743054,0.0653034646946,0.0322451503034,0.0129242849306,0.053840938665,0.0462053643303,0.0262931202737,0.0391347480391,0.0410390093276,0.0442658570377,0.0373526525291,0.0435814819907,0.0336215488444,0.0750153387856,0.120650028816,0.0606220903101,0.0705852511494,0.043030428385,0.0563312867485,0.0630333823181,0.0541307042784,0.0679752399022,0.105451043231,0.0975346452105,0.0622142132217,0.0393203476733,0.0339971954685,0.0416893206442,1.31737341095
0.016557006367,0.0,0.0,0.0228008420735,0.0,0.0,0.0401693248527,0.0,0.114423522746,0.0,0.0,0.272941050895,0.0,0.0693831947853,0.0,0.0433086228147,0.0319152035532,0.0,0.0280673240766,0.0282750373846,0.0290926812683,0.0,0.0751012521971,0.0280764024133,0.00178426798609,0.00305562236281,0.00385154443309,0.0142307150773,0.0119757718925,0.227902229783,0.0456122899334,0.0101703610684,0.0174212659448,0.00580587568543,0.0495850758592,0.0205536041535,0.0181108386267,0.0250455422164,0.095466527723,0.0252964450135,0.019073928482,0.121689745586,0.0309806950666,0.0127606998994,0.0387209261471,0.00807820430947,0.179398366279,0.0221790438723,0.0961808338345,0.0123250402921,0.0338659318056,0.0296066077372,0.0259320127477,0.114476633615,0.0178682555473,0.0105289096767,0.0216254617075,0.0596767416121,0.101277779763,0.0388777034213,0.0645671368968,0.0274010619803,0.0383701419954,0.0258247679837,0.0197838678353,0.068617574771,0.0467881937606,0.0286780104084,0.0232452048521,0.0453243045014,0.0350302825206,0.026505100892,0.0490396634991,0.0288218735634,0.0765945797829,0.172861024864,0.0605334375246,0.0669051560544,0.0418634538596,0.0565783926471,0.0586561032985,0.0547079671695,0.0630789997654,0.145347853564,0.0973076407913,0.0608652072419,0.0390695811289,0.0403125338576,0.0445199071029,1.60101934298
0.0296053281852,0.0,0.0,0.037294254508,0.0,0.0,0.0577908566615,0.0,0.119669615064,0.0,0.0,0.28672298717,0.0,0.0552183046541,0.0,0.0325565208304,0.0206852041125,0.0,0.0127365418297,0.0131662076237,0.0140219652061,0.0,0.0386859950651,0.0372500551649,0.018751065247,0.0150649708793,0.0127154622856,0.0296541016347,0.0252861164605,0.197080000246,0.0290923002116,0.00483731297143,0.00498783694616,0.0038619869392,0.0606033825763,0.0120460381665,0.00924408074704,0.0186270917965,0.0654613797876,0.0247949424731,0.0188571823942,0.106151535154,0.0314968239948,0.022960647565,0.0413436374652,0.0218985752069,0.192656582764,0.00771399537683,0.0342121796689,0.00728223339677,0.0197745132661,0.0162922277209,0.0212940249119,0.0789806138232,0.0350481778981,0.0129227865457,0.0372843476503,0.0790246201331,0.127557798203,0.0374184109704,0.0641051334881,0.0234402104487,0.0395066824078,0.0274308697733,0.0195714522145,0.0630207451353,0.037166996228,0.0211032313309,0.0274359756254,0.0429470071792,0.0380023301856,0.0283189976909,0.0617286294952,0.0375548365638,0.10766853003,0.12107971358,0.0620133593917,0.067154528783,0.0416665154958,0.0478977528346,0.0503640552316,0.0462344353529,0.048451191597,0.121456766538,0.118141732187,0.0651391004069,0.0451081585006,0.0432932347001,0.0550192972343,1.66216153648
0.020884097894,0.0,0.0,0.0283372218134,0.0,0.0,0.0473389761449,0.0,0.132374845498,0.0,0.0,0.317125374742,0.0,0.0681082882743,0.0,0.0385067741768,0.0267415889469,0.0,0.0178678491077,0.0131997124714,0.0143089881289,0.0,0.0451432065267,0.0326006108782,0.0134635721977,0.01060717294,0.0100649187675,0.00980389623997,0.0173049460182,0.150671173916,0.0732977273016,0.0191336330178,0.0270266265016,0.0110876405557,0.0400501146012,0.0163864849384,0.0188042252372,0.0135435599236,0.0982808111213,0.0209111588616,0.0359579561737,0.137792869915,0.177083389199,0.0495689335337,0.0336781657699,0.0106749685384,0.158738021008,0.0489122270526,0.0696790410786,0.0252382896736,0.025333548893,0.0208205487485,0.0193754882292,0.102532551054,0.0793015182985,0.0562144509349,0.0462148126212,0.0731852603099,0.0603716023333,0.0359188721954,0.0692850836597,0.0541930621373,0.0599818713623,0.0247302913745,0.0252635704948,0.0672173747502,0.0438168201089,0.0317907070426,0.0428889267371,0.0400729707156,0.0441346252616,0.0345744553326,0.0579867938827,0.0785354640703,0.0757182749148,0.0488637614391,0.0517832186358,0.0373533086441,0.0411500269376,0.0306140200689,0.0595332508342,0.0337387092094,0.0851870497376,0.0550995680371,0.0379670796048,0.0363336642394,0.0339901769242,0.0371203507243,0.0600463070253,1.47120175876
0.027286201608,0.0,0.0,0.0366727049773,0.0,0.0,0.0586626290716,0.0,0.139092586576,0.0,0.0,0.314765721777,0.0,0.0708341447218,0.0,0.0416004448076,0.0295417334922,0.0,0.0264441008801,0.0231484282183,0.0267216497183,0.0,0.0573783284488,0.0258015033627,0.00997501645914,0.00748923323124,0.00823364555438,0.0165180278047,0.0165586335854,0.144889130264,0.0290128256229,0.00554517708344,0.011058757111,0.00400274298341,0.045769471719,0.00553072306199,0.0135782155752,0.0204831340864,0.0784344927933,0.0132807540512,0.00970905318537,0.0726125261771,0.0944024592713,0.0698089489308,0.0343093089942,0.0439035793581,0.28242973147,0.0487571252224,0.0601554126556,0.0283923492187,0.0260245126111,0.0103730960684,0.0305843336027,0.16150894528,0.0742944478884,0.0555086949714,0.043616561645,0.0602949884479,0.0736097024891,0.0240041478248,0.0474462697573,0.0830353821533,0.0411093771052,0.0208422238154,0.0246490770682,0.0580783270726,0.0481625181377,0.0256478461118,0.0270358720938,0.0389084536476,0.0855843593988,0.0464787928334,0.0522321431479,0.0703679971043,0.0467618730814,0.0457840907297,0.0449967735508,0.0295878764724,0.0315633319829,0.0169693618232,0.0532752891351,0.0223774121933,0.0755792457498,0.0528483032358,0.0490874246575,0.0212732864257,0.0215933969485,0.0279912004014,0.0448230903032,1.76943033054
0.0291214128754,0.0,0.0,0.0386022946576,0.0,0.0,0.0529877360128,0.0,0.12280114933,0.0,0.0,0.3038815603,0.0,0.0696699987505,0.0,0.0374236988643,0.0222361642608,0.0,0.019040370787,0.0141777790556,0.0106588656597,0.0,0.0447257957218,0.0448156161337,0.0239029275682,0.0183241585179,0.0145443180862,0.0308977648134,0.0143516628195,0.124877849091,0.0238735675051,0.00502809461978,0.0124657152621,0.00364356439672,0.0342006228557,0.00868805997316,0.00254943927754,0.005122968672,0.0307763362927,0.0195671700348,0.0167234924357,0.0463717194623,0.0474329729726,0.0428504614511,0.165969897753,0.0625010253276,0.419838565976,0.0275683281765,0.0228752037504,0.0117872601002,0.0126995659529,0.010746866951,0.0457448063401,0.0952268851249,0.0223992297861,0.0252305258252,0.145836670818,0.0337643329428,0.0597429708824,0.0196449123735,0.0323907970595,0.0260384355212,0.0489920537984,0.0959745220991,0.0133500979542,0.044832265408,0.0416951354366,0.0156274115817,0.0443117912049,0.0259465933351,0.0438675781781,0.036079751784,0.0425773338155,0.0254102275823,0.0635960345633,0.127889521123,0.0650161054074,0.0813456556568,0.0399065469643,0.0271702220032,0.077496608016,0.0258694328899,0.0894922312259,0.0939404338548,0.18864632244,0.0554156292919,0.0482207665275,0.0448687363305,0.0472589153716,1.91394051052
0.0214329961564,0.0,0.0,0.0431172644116,0.0,0.0,0.10590503961,0.0,0.2325431374,0.0,0.0,0.194323933434,0.0,0.0396881951946,0.0,0.033235788818,0.00548353140836,0.0,0.0127538609643,0.00356733569208,0.0122019169885,0.0,0.0375331081139,0.0331312673541,0.0349574340786,0.0704370052272,0.0840698274887,0.0657857568202,0.0501496033234,0.0687160540212,0.0278623463431,0.0126173774643,0.0131145067721,0.00472794580079,0.0667893466628,0.0415551202388,0.0223054218863,0.0768356045603,0.0662928962514,0.0318368071629,0.0120571879395,0.0775865973377,0.19974253955,0.110975737724,0.118501406026,0.036463991783,0.148303102308,0.0411877746187,0.0460490796475,0.0668406571849,0.0247713344522,0.0345280829319,0.0271783779667,0.0918409686162,0.0452878991175,0.0274062069916,0.0670098345684,0.0465054119537,0.0634657990811,0.0228754788287,0.0533897595789,0.0460978328397,0.0619675743204,0.0484384268193,0.0261744969469,0.0543232837655,0.0362010750768,0.0304311748441,0.0546583431391,0.0406977442041,0.0330151362822,0.0317352479676,0.0380973583365,0.032289714488,0.0480843039332,0.0663063207838,0.0388456831532,0.0506170408982,0.0522194748632,0.0386305158667,0.0680795579525,0.0477022452495,0.0910602787332,0.0473442648404,0.107689458265,0.0433443340226,0.0368642496386,0.0323335235534,0.0324703012482,1.06857295597
0.00754212842188,0.0,0.0,0.0154951401365,0.0,0.0,0.23644903018,0.0,0.0262289903641,0.0,0.0,0.0179188268985,0.0,0.0140892899936,0.0,0.0132240277861,0.0131413403869,0.0,0.0222663881065,0.0130749155953,0.0152583338489,0.0,0.0167702249281,0.0243208985657,0.0407086099127,0.1476190418,0.0866567051858,0.0643164921631,0.0234202117708,0.0174813972132,0.0795420343479,0.0101237451187,0.0235081980161,0.0167440953742,0.215500224803,0.030446422589,0.0300091940603,0.148901477221,0.0375166915362,0.0480094069866,0.0112614823219,0.0315601606419,0.200341106045,0.0509604505262,0.0954676342128,0.0470314948378,0.221593781853,0.0465658225602,0.0351466882502,0.0666432060653,0.0117843534637,0.0279933609371,0.0250498467376,0.0693149816304,0.0448999478673,0.0223190490047,0.0598594902423,0.0450657762692,0.0448296405099,0.0150277570734,0.0771672729387,0.0379698923029,0.025301922859,0.0440107056672,0.0218706921258,0.0562057196421,0.0485251773863,0.0235939147011,0.0728173601915,0.0560293034628,0.0289179844089,0.0270024891529,0.0396828780381,0.0326563631291,0.0493530442709,0.0581660772131,0.0576564929094,0.0686972057159,0.0728374063899,0.0358388303731,0.0925587329795,0.0452940151525,0.0790788793853,0.0297530436783,0.0374964019372,0.0253523618812,0.0236678953557,0.0234727462581,0.0312482137725,0.83738310752
0.00870819111994,0.0,0.0,0.0216580806192,0.0,0.0,0.251479294826,0.0,0.0297869351764,0.0,0.0,0.0177961617455,0.0,0.00853102531261,0.0,0.0142453312997,0.00894702099972,0.0,0.0331657316848,0.0125465950023,0.00800895162397,0.0,0.0198864636376,0.0182011072048,0.0335733719064,0.170504750954,0.0755680092792,0.0527170968899,0.0211971141526,0.0338284454586,0.0753079446497,0.0133363358529,0.0234783466345,0.0199520910188,0.193836040401,0.0515335695262,0.023194788733,0.0610731082388,0.0397204696091,0.0332063468778,0.0253713482219,0.0494415084639,0.236815448045,0.0257180055519,0.139770709319,0.0603178519545,0.196096153465,0.0538396426355,0.0526435112882,0.117167664931,0.0159223250397,0.0197123526387,0.0140921780228,0.0806084192688,0.0308675047805,0.0265965768836,0.0948167689833,0.0374338198237,0.0789385764047,0.0309111607613,0.0643464990617,0.045050896278,0.0653008687187,0.0571096634175,0.0306360592046,0.10134001012,0.0358510816582,0.016039867717,0.083702468373,0.0513571350294,0.0392554289844,0.0303884105407,0.0586727756945,0.0476820084637,0.0438867113717,0.0591296024673,0.0386589053499,0.0445762761221,0.0454054301726,0.0263719384158,0.0947533480093,0.0345095715515,0.0409912440882,0.0282617199069,0.0300314595585,0.0213764107273,0.0266169496515,0.0188080172261,0.0332307490546,0.847597391174
0.0114282822547,0.0,0.0,0.0251499783144,0.0,0.0,0.264140476932,0.0,0.0394259728759,0.0,0.0,0.0176186059083,0.0,0.0114880174862,0.0,0.00900075354267,0.0082785396471,0.0,0.0281491154931,0.0130769224349,0.011705513788,0.0,0.0107548046067,0.0200706713072,0.037149823718,0.129758217874,0.0597068784536,0.040219110259,0.0148052686473,0.0272920654724,0.0801739644951,0.0162589511627,0.0202193975662,0.00420180916687,0.0779076876857,0.0350278727377,0.0169475353531,0.0998470267723,0.0261863180338,0.0226955084628,0.0364003525531,0.0914989068831,0.221951247023,0.0307013770984,0.151377821779,0.0483421629684,0.194600102734,0.0538996917682,0.0402900721339,0.110036236269,0.0208215910587,0.0259197450311,0.0308453878142,0.132197870385,0.0554600822568,0.0269646782506,0.10196280404,0.0290879941386,0.0480226350789,0.034783122489,0.06712209461,0.0598697312115,0.0373999555566,0.0776304276066,0.0361620247498,0.0752535280921,0.043421792789,0.0337305531353,0.114613859787,0.0551839159747,0.0495634818047,0.0206637730586,0.0531210572243,0.112293347741,0.0532775485736,0.0403683750465,0.0470075078091,0.0403035181012,0.0427203528679,0.0329358328147,0.0755109058564,0.0376157853774,0.0322880095824,0.0298155964491,0.0289915571465,0.0234997943804,0.0228548303172,0.0230789470622,0.0283827613147,0.88570285746
0.0180399576868,0.0,0.0,0.030515391513,0.0,0.0,0.288942230136,0.0,0.0274660477845,0.0,0.0,0.0146000707214,0.0,0.00689605858815,0.0,0.00750864783421,0.00594793404336,0.0,0.0367484742125,0.0114574806894,0.0131966281825,0.0,0.0148262403934,0.0181139551728,0.023039272496,0.106330416027,0.0604072741702,0.0315680766107,0.0079307347513,0.017725404958,0.0429298924052,0.0117547784592,0.0148873562949,0.00765691325233,0.092186443472,0.0393436915789,0.0294783374133,0.124257425508,0.0270745682946,0.0333148441776,0.0340347936101,0.0741745022866,0.151902695399,0.0470524422618,0.140352087101,0.0153097282235,0.106517455555,0.0294514555934,0.0290016648521,0.153442111388,0.034551003549,0.0467819352343,0.0361106494573,0.156086789633,0.0413659337127,0.0235745457151,0.101170793138,0.0476991273045,0.052274502755,0.0358529506645,0.10583370624,0.0659658009265,0.0374233215209,0.0662273195125,0.0412172852518,0.0718782645895,0.0457203327491,0.02769340683,0.10015155085,0.0543534248689,0.0705581858782,0.0399148232308,0.0522889373886,0.0963565044966,0.0548466337153,0.0491958415497,0.0400000873296,0.0454473818802,0.0305822026295,0.0389413045455,0.0612478576668,0.031065839326,0.035064948417,0.0296480360324,0.0247466851166,0.0211122133792,0.0216620744278,0.0204631428798,0.0245715484353,1.04460871515
0.0153295060788,0.0,0.0,0.0268808489967,0.0,0.0,0.279756919007,0.0,0.0282188731952,0.0,0.0,0.0143535314431,0.0,0.00902743674051,0.0,0.00971666854455,0.00994340424217,0.0,0.0494206479657,0.0123779717671,0.00848470838956,0.0,0.00881073513897,0.0128697345086,0.0276912912732,0.125435419659,0.0483559507696,0.0332811316254,0.0126409323893,0.0105887869739,0.0497068204922,0.00987373585185,0.0126402254162,0.0096110749965,0.0443479600889,0.0393882376775,0.0303421186674,0.0772509361061,0.0265268094519,0.0413279389987,0.0454710921131,0.0650695966586,0.212226908517,0.0434215505236,0.104695549672,0.0499506025954,0.21187931318,0.0415111007179,0.0399760173455,0.135339141052,0.020590603193,0.0419459060674,0.0472601689154,0.15875036808,0.0379330041028,0.0277912988565,0.123319520225,0.0233787631112,0.0532194649288,0.0458431920962,0.0721706852581,0.0568107266057,0.0424194226508,0.0700622317598,0.0417683719611,0.0979389517322,0.0422156138637,0.0265672996685,0.0971852832089,0.0424618061577,0.0828338763808,0.0324168922282,0.0681095150284,0.0906939935616,0.0557661556051,0.0527049070338,0.0507184548434,0.0476896185752,0.0437270652348,0.0336994319128,0.0615609308598,0.0430945465432,0.0313356318621,0.0280343016401,0.0168896857097,0.0181626747887,0.0187809800395,0.0215421998078,0.0196115872886,1.22886421484
0.0121903867682,0.0,0.0,0.0253423562467,0.0,0.0,0.273323843375,0.0,0.0425615067433,0.0,0.0,0.0245917111499,0.0,0.0205734036272,0.0,0.0181630726197,0.0227000505279,0.0,0.0605742441852,0.0206921412047,0.0149248911004,0.0,0.0176687168341,0.0265498037254,0.0368410799353,0.121257703902,0.0673774034038,0.0339790209087,0.00310066309601,0.00557334834831,0.0661465605837,0.0162449019789,0.0175020482349,0.0107568243801,0.109149521342,0.0241155274428,0.00785960493827,0.0746418758323,0.0324399879882,0.0531970877971,0.0239095112623,0.110971523504,0.0453135633269,0.0546003260636,0.166019019443,0.0285768194621,0.113252740797,0.0372763500852,0.0378892648267,0.14072137278,0.021198738753,0.0386045978545,0.0463053050869,0.121307718644,0.0390927830905,0.0236526573873,0.0762324905345,0.028066819136,0.0271967143399,0.0305488726101,0.0610019919863,0.0704372681055,0.0322276867966,0.0850529565402,0.0505603279494,0.0651027109586,0.0614270548005,0.0328578186963,0.130162668758,0.0493568361342,0.0945687433644,0.0477093209909,0.0586044881749,0.0635030743023,0.0258048356103,0.0482824586105,0.0430201619321,0.028768383986,0.0393606553759,0.0321733022865,0.0651291241205,0.0325142377251,0.0379351252926,0.030262314526,0.0280566627932,0.0204391784435,0.0178431858387,0.0177476292301,0.0152047684847,1.17571299138
0.0144083532784,0.0,0.0,0.0229688133705,0.0,0.0,0.275122744114,0.0,0.0407877400777,0.0,0.0,0.0197186115747,0.0,0.0167661560924,0.0,0.0190420608041,0.021993827412,0.0,0.0715944936682,0.0176879305174,0.0149701209346,0.0,0.0133354137609,0.0216530500189,0.0351672152901,0.126365669475,0.0658467770339,0.0320593998754,0.0101929551851,0.00229935038061,0.0473898373405,0.0142808434111,0.0227742894044,0.0133082825369,0.0331820645986,0.00129527296856,0.00705296602575,0.0560309846329,0.0333162431604,0.0224163727593,0.0437173436963,0.082684636865,0.116957085686,0.0454588177032,0.121439564171,0.0115634192674,0.0812074606589,0.0243936141091,0.0420320936286,0.141876621738,0.027624741328,0.0313893136887,0.0184372221997,0.0890092675588,0.0284524314243,0.0262827662991,0.0986762413956,0.0288086691367,0.0307315087986,0.0301244117549,0.0868134238589,0.0648324569329,0.0311829595093,0.0530255611847,0.0407218009592,0.0615173110938,0.0540278923495,0.0291677344317,0.109058031967,0.0655488427223,0.0646069076577,0.0359501482016,0.0516522336492,0.043637544973,0.0322916899602,0.0515031930896,0.037561366669,0.0378506302573,0.0346101095089,0.0291301944682,0.0633729595655,0.0271545910699,0.0376555347154,0.0312935173872,0.0262791791706,0.0205810463303,0.0362799148369,0.0413139866039,0.0238931303669,1.01638159329
0.0151167831137,0.0,0.0,0.0256233525507,0.0,0.0,0.271437056839,0.0,0.0190296479542,0.0,0.0,0.0112299489147,0.0,0.00507505772509,0.0,0.00739854606995,0.011353339238,0.0,0.0574526780435,0.0146904508484,0.00585884769369,0.0,0.0020483067306,0.00855986099386,0.0225520061974,0.105475082683,0.0478025573684,0.0434336973995,0.0109258030316,0.0171219875983,0.0397792355317,0.0152888169668,0.0302618914723,0.0164229703899,0.0410455901029,0.0116081561267,0.0130916871847,0.0219740341213,0.0101163319739,0.0228633120691,0.0263860393894,0.0325329224859,0.0370286122675,0.0106548342892,0.0569450904548,0.0189076407461,0.128424515968,0.0388532034509,0.0679807639975,0.246029776149,0.0326262641318,0.0281092195418,0.0269576294967,0.090450878957,0.0373210049456,0.0205750393045,0.0697183845821,0.0274520787232,0.0290203412566,0.0272695500046,0.0828087006465,0.0327438136291,0.0268739875897,0.0614460592646,0.039027678661,0.0694837533116,0.044973267618,0.0512704821212,0.0848092649878,0.055298013758,0.0414973396738,0.0428316470543,0.0633385552826,0.0562779876152,0.0531887442907,0.058939346061,0.0437675670628,0.0522173866431,0.0517840732984,0.042798267265,0.0722552036745,0.0438705616092,0.0813303255707,0.114347017208,0.0996485497893,0.0910473343401,0.098915146932,0.10266245993,0.129099282707,4.87156252312
0.0258900174643,0.0,0.0,0.035900957024,0.0,0.0,0.278652110986,0.0,0.0139832124806,0.0,0.0,0.00234962607331,0.0,0.00421704451553,0.0,0.00695504744998,0.0117529036762,0.0,0.0609266952735,0.00945844516489,0.00333797991463,0.0,0.00658565126758,0.0115605643226,0.0212675939847,0.104530982155,0.0416508905395,0.0267782190474,0.00656295749446,0.0106391502872,0.0346713222667,0.00827490253597,0.01299017575,0.0102150877068,0.043896657232,0.00968411876181,0.00616056563773,0.0103529429047,0.011624818015,0.0347019591845,0.0492216514391,0.122233705084,0.194273899598,0.03869858611,0.0432820032534,0.0296727528013,0.180000186609,0.0579035052561,0.0340425255578,0.0974286886186,0.0144106213853,0.0253415487184,0.0159590235298,0.125884756501,0.093129698215,0.0477874690386,0.0599190884071,0.0217981534358,0.144464239656,0.0315092833328,0.134247707672,0.0823800656482,0.0517276764433,0.0641011181277,0.0478415238244,0.160347028305,0.0754158777041,0.0552637496045,0.0930360980804,0.145585617752,0.0820601212816,0.040586138557,0.0680339963329,0.0620601391892,0.0301431450833,0.0577966705026,0.0292156155574,0.0416721510268,0.0285774974539,0.0345539698366,0.0539116429382,0.031215010602,0.0539744594062,0.123891353782,0.103610255198,0.0435608953735,0.0436609285512,0.0602172131047,0.0874188947769,1.14313010927
0.0119719749236,0.0,0.0,0.0311608623892,0.0,0.0,0.287182234829,0.0,0.0339961967677,0.0,0.0,0.0131058871643,0.0,0.0105198299342,0.0,0.00825787038719,0.00666396137019,0.0,0.0576161035127,0.0196583062664,0.0132059235266,0.0,0.00715646748444,0.015350321901,0.027527159839,0.10321050521,0.0508511314998,0.0332156129472,0.0144510527495,0.00960291355146,0.0280293673413,0.00357214120822,0.00592360531423,0.00450549387757,0.0500772741589,0.0169643648547,0.0118390428901,0.0178906518888,0.0266039768279,0.142992064114,0.0836535045022,0.0623582662683,0.0557502814708,0.0176629908282,0.0849353182669,0.0392155762389,0.0680248455403,0.0290592254654,0.0296074956977,0.112914537406,0.0330439079296,0.0281429391431,0.0365652089141,0.165434531848,0.0247259596541,0.0222754703902,0.0352360258866,0.0312213180721,0.0460373565617,0.0266875381313,0.0847146206706,0.0337518393415,0.0357551694081,0.0571095328087,0.044781893534,0.0690609871603,0.0363232113826,0.028570600216,0.1080029928,0.0697186688777,0.0560258989717,0.0415793814307,0.0520752595611,0.0577188070981,0.0278191615967,0.0387940963998,0.0307071849984,0.0306384025224,0.0242173429496,0.0226125212055,0.041323436352,0.0212499968649,0.0257110066024,0.0466798024648,0.0686576909815,0.0371405528122,0.0313095858416,0.0281543790061,0.0426428944244,1.32175349285
0.0129437909696,0.0,0.0,0.0218795461478,0.0,0.0,0.269378264638,0.0,0.0458321064681,0.0,0.0,0.0385554768109,0.0,0.0370152707519,0.0,0.0395295596094,0.03849864295,0.0,0.0429352502223,0.0491703669864,0.037132183547,0.0,0.024640176283,0.0196047033669,0.00419258040928,0.0827764738146,0.0474079190215,0.0426837708606,0.0129664889659,0.0202484191419,0.0435195404298,0.0202149499811,0.025425478887,0.00322140835558,0.0523271590655,0.0272862277265,0.0247785394297,0.0249254646708,0.035277781478,0.0339569439831,0.0271088178154,0.0681293249685,0.07712104228,0.0907569620811,0.170527335834,0.0231683710053,0.0511632858004,0.0219147340315,0.0301154745289,0.151160254281,0.0414931983875,0.062558930176,0.0484091838954,0.118850841743,0.0397399758943,0.0267011558717,0.0506512186313,0.0283929331254,0.072182445233,0.0320171675834,0.0789230260847,0.0557663052586,0.0291854261279,0.0510808036437,0.0452167075436,0.0838095847037,0.0434109585434,0.0407703654134,0.0856598442778,0.0364776407379,0.0996338717623,0.0367381756778,0.0383427648858,0.0516241531628,0.0281626135058,0.0596785683513,0.0380110371174,0.048530112101,0.0425793287627,0.0422794250806,0.0630485070879,0.0299647406758,0.034664632253,0.063354298276,0.051259105168,0.0344573032165,0.0430276389735,0.0574160219848,0.0828103988789,6.69342704108
0.0162869010276,0.0,0.0,0.0218588022036,0.0,0.0,0.0298308480308,0.0,0.0523958997505,0.0,0.0,0.362118593211,0.0,0.0647019579308,0.0,0.0282630707973,0.0162585877806,0.0,0.0153281618946,0.0193209874291,0.0172207763904,0.0,0.0186932092693,0.0710091637224,0.0225841924668,0.011126507526,0.00432748569525,0.0125056538393,0.00780093988312,0.0161462219405,0.117638665483,0.0225645580007,0.024570884589,0.0128141616284,0.0188105560529,0.0711120151835,0.0125286984348,0.0139986473304,0.0114487985533,0.0581219883979,0.0335367820155,0.212448163786,0.127409374466,0.099553660283,0.179272182855,0.0487163933602,0.0674918462116,0.0278324448662,0.0267732791703,0.118009737776,0.0204357844564,0.0526581874613,0.0450610176449,0.0840930140757,0.0615482556646,0.0271413312464,0.0359332100634,0.0325490707485,0.149003818485,0.0357050985956,0.0627588216676,0.0888715389158,0.0286188848372,0.0510375739934,0.0444747704153,0.0657375541445,0.0510907166989,0.0439868314917,0.0759865728906,0.0249663819995,0.0953736376226,0.0275698874165,0.0386179714452,0.0694325617479,0.0340213655142,0.0784889610805,0.0553297799113,0.107151938372,0.0688319214829,0.110705299402,0.0553780492082,0.107386089206,0.102311033777,0.142726788345,0.0518280897124,0.0366296321262,0.0306004250756,0.0240483430985,0.0355782819814,1.27731222112
0.0149090360158,0.0,0.0,0.0190930773965,0.0,0.0,0.0324045445161,0.0,0.0571650224856,0.0,0.0,0.368814120462,0.0,0.0832070056073,0.0,0.0403895369765,0.0239544841321,0.0,0.0177907407656,0.0157376455033,0.0193032508034,0.0,0.0217957328688,0.0717737346586,0.038616826942,0.014698118345,0.00751609561009,0.00924437753433,0.00388407211153,0.0143266638136,0.0963221225803,0.0235152370215,0.025669982546,0.00881036366257,0.0143481611306,0.0583125898832,0.0248225468912,0.0130560417733,0.023448916481,0.118961441308,0.0384973164859,0.0587512907922,0.168572584425,0.068499148467,0.162271362748,0.0438300573547,0.167446106789,0.0324884328366,0.0189990782631,0.0817645413414,0.0252618523966,0.0406395876247,0.0187604840364,0.0800407616837,0.03873193033,0.0100083031306,0.0223869356849,0.0333447376572,0.119885920793,0.0454550714716,0.0522207613882,0.0572157060662,0.0388496048834,0.0661357646693,0.0701818254884,0.0754088547153,0.0468500956327,0.0573563756089,0.0731417937339,0.0359769546202,0.120131117854,0.026891869116,0.0385459921166,0.0658934612537,0.0378364529708,0.0546251104408,0.0500233115232,0.0772647608036,0.078685459457,0.127954238167,0.0991870097895,0.171925938006,0.0966665934053,0.0529521418358,0.0404743926691,0.0373086518621,0.0371904209224,0.0236006927909,0.0387092725369,1.19161663011
0.0189731593779,0.0,0.0,0.0215624617206,0.0,0.0,0.0369039785858,0.0,0.0586483568108,0.0,0.0,0.386061249719,0.0,0.0860036103812,0.0,0.0334679295292,0.0178549918729,0.0,0.015665925643,0.0077977344589,0.00376493625759,0.0,0.0123739956419,0.0786323329757,0.0634624429108,0.0287479617934,0.0236553355732,0.0441035556489,0.0247619109248,0.0338859989119,0.101262559112,0.0101368427382,0.0149943599953,0.00649160153491,0.0223586439818,0.0542098665253,0.0144829744676,0.00894046972063,0.0295400937845,0.211762041448,0.0113769012433,0.0497499967422,0.165240734798,0.0605976281575,0.0975320875221,0.0349245327424,0.138351218143,0.0267707159144,0.0132458620535,0.0499650204507,0.00974974414318,0.0686153798623,0.0288986755946,0.069400697434,0.0763274064692,0.0216923433318,0.0363792940343,0.0222948783203,0.127331667049,0.0276807071711,0.0578203518221,0.100292582646,0.026301124227,0.0405224943338,0.0476915012277,0.049591080161,0.0472378748896,0.0471971833974,0.0388944933231,0.0343825227026,0.136589513495,0.0274060175768,0.0307211552432,0.0671263945282,0.0286264514943,0.0496536880295,0.0476821170332,0.0783036666363,0.0572405554155,0.133049343711,0.105409221363,0.142794777015,0.0972346349858,0.0470215771349,0.0289575007038,0.035911077882,0.0318743330091,0.0194234995295,0.042174339456,0.991542260978
0.0216849664896,0.0,0.0,0.026984464058,0.0,0.0,0.0366823971353,0.0,0.0629294419268,0.0,0.0,0.403387637194,0.0,0.0691863201956,0.0,0.0334987420432,0.0167931646557,0.0,0.00617001814808,0.00856550088692,0.00821809151847,0.0,0.0166869039541,0.087115200792,0.0666694059384,0.0285152213029,0.0238886170803,0.0380940302594,0.0189975525062,0.0253445105843,0.127352678425,0.0104836111372,0.00972592800825,0.00888697250371,0.0108013982449,0.0664099257247,0.0216537008506,0.0328298241737,0.0364038525014,0.154318829784,0.0207645421317,0.0430079859326,0.171152931092,0.0436778425139,0.0648453875023,0.0432121947018,0.175100669626,0.0219452889269,0.0148617432779,0.083092137243,0.0307320797668,0.0393111834552,0.0260244652541,0.0604242291194,0.0516116645111,0.0332459804214,0.0411054829712,0.033681934062,0.241206340076,0.0462979377896,0.0635877953692,0.0762661432739,0.0357701912703,0.0544970799495,0.0547335968957,0.0692459605907,0.0356605074958,0.0445561034519,0.0665524616132,0.0316751899256,0.165209804271,0.0319448046643,0.0420961694657,0.106101413883,0.0286326286831,0.0496984539444,0.0554902559549,0.0489648649123,0.0800396348264,0.112933396497,0.105719538331,0.107672283965,0.104367073789,0.0355327953497,0.0366676585922,0.03234295302,0.0327899164657,0.0227047752658,0.037060866544,0.858205306127
0.0104025480297,0.0,0.0,0.0164875918325,0.0,0.0,0.0237878145096,0.0,0.0506892762212,0.0,0.0,0.382109258271,0.0,0.0774858551541,0.0,0.0390031799068,0.0271599653481,0.0,0.02458923496,0.0220331337104,0.0230553896867,0.0,0.0295275343518,0.0953914127537,0.0379654030828,0.011377017599,0.00900327749231,0.015125665542,0.00757823732257,0.0133178530505,0.100898238114,0.0274152442576,0.0287815644591,0.0144798453946,0.0186899271641,0.0299543200619,0.00519294350535,0.00837897210076,0.0147583560733,0.187484772609,0.0197932400331,0.0218744025358,0.13230564129,0.0365166625197,0.0416032005048,0.0494802265097,0.200162839282,0.02885384103,0.0222795050528,0.0796289479057,0.0100106362119,0.0313613190904,0.0146492528713,0.0751348335608,0.0664553149882,0.014978147932,0.0382758167834,0.0306264954565,0.105983854438,0.0218259660067,0.0507247901296,0.0703873524683,0.0239282932543,0.0528795064844,0.0444044283201,0.0516491210947,0.0288357907983,0.0432891607714,0.0645800070967,0.0396366586159,0.188715985417,0.0235407448456,0.0262887024511,0.093918787137,0.0266909929137,0.0561584639652,0.0460352222551,0.0573471935226,0.0748272611226,0.12282921521,0.0857311943402,0.0968688902517,0.0858327649104,0.0312109551903,0.0329585355245,0.0305515066799,0.026486771356,0.0202540773185,0.0371194790101,0.673430611579
0.0130560365791,0.0,0.0,0.0181899142016,0.0,0.0,0.025345024238,0.0,0.0531577798923,0.0,0.0,0.368853658107,0.0,0.0909770497347,0.0,0.03729395576,0.0339876585537,0.0,0.0208813850714,0.027509653908,0.0254951824365,0.0,0.0372683473585,0.106629425802,0.0487534380316,0.012752458858,0.00735664655831,0.013040961451,0.0114210354432,0.0224494821204,0.143939074246,0.0147599784573,0.0156870653596,0.00539613955134,0.0110948560019,0.02646073969,0.00783465062603,0.0139221722668,0.0176061341911,0.161420904813,0.0457914332982,0.0404408984767,0.104608149459,0.0197821101015,0.0295048691007,0.0403999425604,0.226035537599,0.0487324282153,0.0273965106036,0.0231223546164,0.010978815887,0.0377965361269,0.0150371937855,0.0459528185378,0.0682484943996,0.0209462309356,0.040205211481,0.0355337298953,0.18553975221,0.0445126466428,0.0423077241691,0.0530373392461,0.0243720415979,0.0313963211159,0.0388306435639,0.0427499838181,0.0307857028635,0.0424391487398,0.0485943070683,0.0399309485044,0.136317249839,0.0216754469579,0.0304323568505,0.0934391902985,0.0277140202261,0.0683540632726,0.0433735351325,0.042954713133,0.0425553963221,0.0609114569609,0.0424131390342,0.0570933870498,0.0533928055199,0.0251447120764,0.0247326303848,0.0243678802585,0.0253302344106,0.0221588931226,0.0215186577982,0.438585018012
0.0176917492134,0.0,0.0,0.0217819149333,0.0,0.0,0.0298906228657,0.0,0.0507676903417,0.0,0.0,0.377761394851,0.0,0.0704682910297,0.0,0.0329158158295,0.0244116215641,0.0,0.0233611049555,0.0185333164009,0.0212782500247,0.0,0.0267974835726,0.0975736731534,0.0502319197349,0.015775173681,0.00906461315199,0.0118637007469,0.00762025864606,0.0138026117273,0.105143406095,0.0273453413593,0.0292482821236,0.0101432093256,0.0250895278163,0.0375029165378,0.014396159542,0.014204192537,0.015168022384,0.0911852686288,0.00761853605625,0.0262428440698,0.176269532758,0.0340769386651,0.060088183675,0.0269340944942,0.191877558453,0.0274080399717,0.02008890328,0.0377847784357,0.0104000920712,0.0369196358517,0.0169693947233,0.080054001232,0.0225153501301,0.0180353814506,0.0372365219276,0.0360302909252,0.161436617214,0.0370939327427,0.0367651489143,0.056586527842,0.0200383671891,0.0415077120995,0.0396688380877,0.0454295648718,0.0339128647567,0.0418911755945,0.048667989526,0.0360753634519,0.100105466856,0.0211522727253,0.0230980831868,0.0879982012874,0.0177858730464,0.0498219339735,0.042185474618,0.0436857745644,0.0243251265423,0.0370871675953,0.0457086484943,0.0312950193823,0.0384522458665,0.0199750961024,0.0266006163573,0.0248627863633,0.0249475239149,0.0131786716359,0.0191112265745,0.26961683674
0.0144810063469,0.0,0.0,0.0204390346093,0.0,0.0,0.0281058582789,0.0,0.0535357431281,0.0,0.0,0.374924281543,0.0,0.0614547320006,0.0,0.0288825882504,0.0198739877282,0.0,0.0127459759752,0.0100221342865,0.0140807451838,0.0,0.0198445863817,0.0783014366056,0.0279771455105,0.0111484465995,0.00647472555581,0.00493911951565,0.00725292953793,0.0145312178258,0.13275742991,0.0251214037394,0.0309374772663,0.0124153304388,0.0173518150906,0.0353253097841,0.01931300708,0.0154055643892,0.0165121291042,0.109543466804,0.00792503731404,0.0237645657095,0.200365391546,0.0351782450673,0.0627419701037,0.0342200428224,0.195589484861,0.0349459272767,0.0150211501742,0.0270336947572,0.0138149205277,0.0397063302313,0.0201005056564,0.0583741435979,0.0425741009846,0.0217699045347,0.0344791290122,0.0169144056259,0.0792498537921,0.0174562792861,0.0283254142781,0.0522907561065,0.0191153080101,0.0369283409912,0.0519664155845,0.0544519215409,0.0330375708846,0.0282053104,0.0466155382741,0.0257338736181,0.124805124219,0.0256314496657,0.0276659146396,0.0686251031871,0.0188514883474,0.0675256603797,0.0453822935596,0.0394310815071,0.0310758972645,0.0326121539702,0.0493047450274,0.0245930511147,0.0404761736119,0.0227914601304,0.0307201288067,0.0246029378045,0.0217473552275,0.0184468204744,0.0222786484296,0.41928910444
0.0177130413766,0.0,0.0,0.0207561598222,0.0,0.0,0.0327489309687,0.0,0.0606621954209,0.0,0.0,0.382219590648,0.0,0.0783350968436,0.0,0.0387252890727,0.018905098406,0.0,0.011805846538,0.010835282322,0.00764169587618,0.0,0.0124556021607,0.0656710457875,0.0564006123286,0.0272051988763,0.0183876196037,0.0385105919015,0.021182489633,0.0260794399138,0.133221253759,0.0194060708099,0.0125929055635,0.0036313008053,0.00931820571364,0.0254832605187,0.00480224485641,0.0115014301675,0.0096712140726,0.0765977079147,0.0129185501884,0.0163581863243,0.137487369889,0.0178622808334,0.0469805353364,0.0321658639511,0.132021388964,0.0331357316521,0.00792233301554,0.0596869457662,0.0113719027487,0.0384130066027,0.0233234379852,0.0401554197106,0.0424096870541,0.0209634859828,0.0378061401707,0.0220494179121,0.118228372535,0.0195752971517,0.0222687445403,0.0602810627742,0.0171548634145,0.0214494629305,0.0289264978201,0.0318306248894,0.032251728903,0.0369830660484,0.0460591127797,0.0347416266698,0.12644743606,0.0249104593952,0.0260810558377,0.0749199818263,0.0190654386783,0.0488812996899,0.0322146565304,0.0368488006997,0.023290862123,0.0243232101711,0.0369913875383,0.0217196133113,0.0354538503836,0.0182327478043,0.0206796888255,0.0222296029182,0.0207762004519,0.00920558048311,0.0154892868828,0.163180253912
0.0233793574706,0.0,0.0,0.0260003228836,0.0,0.0,0.038382655846,0.0,0.0632724159959,0.0,0.0,0.389915657642,0.0,0.0765180871832,0.0,0.0337219777871,0.0140055680145,0.0,0.012970655286,0.00980490945742,0.00538399830924,0.0,0.0168406311244,0.0641400376273,0.0472089396005,0.0187903637311,0.0148470500051,0.0303039099694,0.0187824150853,0.0284584832379,0.132747023094,0.019996267824,0.0219046729093,0.00614576631977,0.0148552939218,0.00981891201261,0.00493273852647,0.0104943131232,0.0163886797472,0.111075283702,0.013239038481,0.0268038734097,0.116962678281,0.0207260074804,0.0396182564298,0.0435027997878,0.205671815538,0.0257152227799,0.0210326271789,0.0260108620464,0.0159298345012,0.0222121970265,0.0122022596763,0.037977628969,0.0342324270203,0.0251489453766,0.0232661289829,0.0174040901876,0.106366197931,0.0166966558313,0.028069383769,0.0389471900999,0.0232392415859,0.0245926996965,0.0193813409372,0.0472633091883,0.0395179242034,0.0344606846343,0.0360603130893,0.0245277106899,0.105150927243,0.0139567131046,0.0180763368082,0.0775135480223,0.0153647092395,0.0482446027515,0.0355384533244,0.0318912459554,0.0218182744563,0.0242182757146,0.0299100170829,0.0190169996096,0.0267142758927,0.0171808647036,0.0173695573948,0.0193404734513,0.0152246812763,0.00946276637809,0.0109562733066,0.146145541009
0.0117739304263,0.0,0.0,0.0163483582612,0.0,0.0,0.0240900743924,0.0,0.0451255142435,0.0,0.0,0.386394458554,0.0,0.075784344018,0.0,0.0338474598207,0.0228353736976,0.0,0.0191108544404,0.0168717562521,0.0164691346753,0.0,0.0206652509813,0.0685320531311,0.0322702153836,0.0127220921958,0.008351768793,0.0134478155552,0.00944151435022,0.0190084553321,0.13269184714,0.0260513850376,0.0328608497577,0.00985993459305,0.0203245138201,0.0153868935269,0.00910100291918,0.0102918863298,0.00796684959186,0.050118991317,0.00895445871129,0.015513126752,0.0823047957771,0.0144988188285,0.0341553440832,0.0349228464364,0.264940230236,0.0557255294825,0.0306758808473,0.0232107829466,0.0176505719002,0.0350166121902,0.0262215361138,0.0583741206263,0.0458342768038,0.0183343214614,0.0332191831001,0.0310267802259,0.125296871371,0.0164131875203,0.0258121492042,0.0205809903032,0.0250927015948,0.0311059054019,0.0334384136862,0.026348234106,0.023978019904,0.0316127529434,0.0495422935973,0.025930796939,0.0876073779212,0.01538143821,0.02404094081,0.0773372594841,0.0195906957409,0.0410484730599,0.0304182468536,0.0271406194484,0.0189542397704,0.0179993690996,0.0278196308906,0.0177682628066,0.0231785431486,0.0143979360587,0.0202889697868,0.0200021633516,0.017523188533,0.010252088472,0.01273458538,0.28920920173
0.0137555669895,0.0,0.0,0.0191158407622,0.0,0.0,0.0291884733993,0.0,0.0470490041841,0.0,0.0,0.374849384073,0.0,0.0785617239611,0.0,0.036405246815,0.0302781006337,0.0,0.0254721103115,0.0228472193173,0.0219201259534,0.0,0.0258458722382,0.0688044860712,0.0288852601607,0.0112170592665,0.00865971537582,0.0193958922707,0.0123362382963,0.0215405341913,0.12880340386,0.02074521885,0.0253038181877,0.00496458242318,0.00831561175404,0.0197881880334,0.00212131173449,0.00550996145669,0.00354394628979,0.0744993551744,0.0070821644648,0.0218293069327,0.0971797550077,0.0241767785658,0.0256936366342,0.0415890359708,0.235104812435,0.0208552975659,0.00693643229402,0.0267212859212,0.0101433262278,0.0157981731302,0.0117640810467,0.0394463238465,0.043158118348,0.0179773506374,0.0217891129958,0.0160159020316,0.079232771783,0.0202613067805,0.0211037938209,0.0363132356301,0.0123877591618,0.0158397533033,0.0233389141746,0.0271574000382,0.0301013559236,0.0251366688036,0.0407630451885,0.024199713012,0.101457621133,0.0142176505957,0.0145272598094,0.0638479763997,0.0158503554865,0.0470120563283,0.0297380386971,0.0231312275022,0.0128564211303,0.0166533020986,0.0253537338555,0.01625283568,0.0184775428134,0.0128361737939,0.015771355151,0.0162327206911,0.0113498834087,0.0077613473143,0.00933242882815,0.126817388586
0.0200582661659,0.0,0.0,0.0268089559254,0.0,0.0,0.0333104942948,0.0,0.0658918504651,0.0,0.0,0.392346584147,0.0,0.0865835625939,0.0,0.0298530075041,0.0248875112857,0.0,0.0159678423925,0.0161538123376,0.0148502860351,0.0,0.0238475275331,0.0638249371606,0.0282434856557,0.00694074140779,0.00490484950711,0.0087532352596,0.00774669515198,0.0218944651667,0.129067486984,0.0197085888788,0.0290103987697,0.00887340463602,0.0142401231357,0.0191803229067,0.0127361198799,0.0137274535191,0.0134904911663,0.0516115233256,0.0126300104044,0.0184094775351,0.0401107368977,0.00814020334127,0.0249423910859,0.0399168231681,0.191959649425,0.0146926306148,0.00711024807768,0.0263638744945,0.0065651067481,0.0183741149135,0.011712585954,0.0581561510725,0.0238883430348,0.0153088530732,0.0124605649513,0.012743595134,0.0509464499908,0.0125164760176,0.0249629065206,0.0309650917033,0.00745890763577,0.0231181176025,0.0237768921735,0.0305333665681,0.0319077865522,0.0307566760863,0.0329182792006,0.0191034596357,0.0964570342646,0.0118670900147,0.0161289680287,0.056132999699,0.0136356131144,0.0440813511335,0.0244610646842,0.024958342763,0.0122173971027,0.0149048380301,0.02557274306,0.012414303607,0.0173133252952,0.013905750417,0.0121960946978,0.0116296103156,0.0104074031286,0.00710979580005,0.00802876988716,0.0912766307431
0.014655359049,0.0,0.0,0.0211618915909,0.0,0.0,0.0293660938861,0.0,0.0540320622069,0.0,0.0,0.41017417753,0.0,0.0776676571759,0.0,0.0352412423769,0.0229901955991,0.0,0.0169403788274,0.0137091590073,0.0108166165859,0.0,0.0143778141329,0.0620957916122,0.0334162832572,0.0168739089192,0.0120410733571,0.0176922946191,0.00747089948677,0.0124311445651,0.127375769235,0.0320825508402,0.0387869156677,0.0119081737899,0.0175749255135,0.0261736801158,0.0194281689486,0.0143282930431,0.0137313199087,0.0572947172008,0.0199342370778,0.0235697207682,0.039417306398,0.0103169026874,0.0203999168282,0.032922209006,0.10586153157,0.0407285287657,0.0298741074564,0.0278401402627,0.0164502028692,0.0166556370033,0.0276556394401,0.0540045174335,0.0273382677804,0.0210396050991,0.0216656866889,0.0127430813792,0.0544903258883,0.0143480501115,0.0176477833017,0.0478996280262,0.0138221564314,0.0292568576295,0.0372591664871,0.0278247493404,0.0386208757737,0.0277916485306,0.0453523298807,0.0285813555351,0.107347880409,0.0179493038976,0.0154401938861,0.0462445732831,0.0211175811973,0.0360961875002,0.0303654125565,0.0220280503646,0.0172118419684,0.0179464869405,0.0255099483468,0.0157638284429,0.0238654959569,0.0184129577867,0.0150025130034,0.0162962642367,0.0175736808242,0.0160570125484,0.0163109933821,0.415130253596
0.0159417393162,0.0,0.0,0.0209533496322,0.0,0.0,0.0304544874882,0.0,0.0575795038702,0.0,0.0,0.419191997414,0.0,0.0781474971809,0.0,0.0359068675488,0.021817113055,0.0,0.0181605934371,0.0134492420215,0.00951615627185,0.0,0.00915396521503,0.0563738867185,0.0400442646952,0.0231241979657,0.0193636484628,0.0384450832262,0.0219259874013,0.0305028885871,0.13967279997,0.0175734151587,0.0171757567514,0.00341704811537,0.0102353319609,0.0136234567254,0.00190319688209,0.00440616139508,0.00966816701253,0.0499426958505,0.00265650266037,0.00746057164493,0.036537197877,0.0105318738578,0.0160952671058,0.0334471748408,0.0477518875949,0.0137851228765,0.00835367763235,0.025831586147,0.00689920447114,0.0111796405826,0.00599439819858,0.0422609962308,0.022638998134,0.0140808388552,0.0203250715764,0.0100219757902,0.0680593685301,0.00904441923827,0.0204904191035,0.0398154247027,0.0126685152332,0.0147947458338,0.023139551391,0.0261246628753,0.0252116378282,0.0228842520048,0.0269691998475,0.0189493441666,0.0883008903259,0.017175408591,0.0192334565678,0.0631877840136,0.0122297811304,0.0322759979526,0.0220747906858,0.0211377798296,0.011257980173,0.0129481143161,0.0202226478974,0.0103734506718,0.0157743800836,0.00883611737404,0.0122020692297,0.0103062634923,0.00818387039816,0.00661579944739,0.00762840652398,0.148080112069
0.0234357910431,0.0,0.0,0.025215178997,0.0,0.0,0.038348065442,0.0,0.0700879330382,0.0,0.0,0.412665131189,0.0,0.0832300129458,0.0,0.036939488741,0.0182770973081,0.0,0.0166513639711,0.0108393916266,0.00749051687242,0.0,0.0106030371966,0.0554817317003,0.0372245143386,0.0216462385911,0.0170842252279,0.0317103411063,0.0208247262057,0.0250921553384,0.133620286112,0.0205360899968,0.014983577303,0.00862657476904,0.00709322920527,0.0164549365627,0.00766489586308,0.00548891642067,0.00492892910567,0.0348373068658,0.00422059608637,0.0127360576294,0.0416834118481,0.0110014515597,0.0238416389984,0.0399250672486,0.20161024875,0.0324066807793,0.0163262556041,0.0125322635176,0.00742214217675,0.0155084441534,0.00695391604942,0.0579424700998,0.0140064906332,0.0125696896408,0.0206522944825,0.0113912854742,0.0454466166765,0.0143024779517,0.0182499606213,0.0217956650295,0.00931418314546,0.0156468563355,0.0232209770411,0.0203652343118,0.0201146873193,0.021274375858,0.0243787086681,0.0145388299405,0.0661643267828,0.00788700317464,0.0119520559355,0.0478548146421,0.013293515484,0.0296202141761,0.0213184280226,0.0147233487386,0.00866239234235,0.0110231209648,0.0166329231024,0.00849853316206,0.0110339512781,0.00917615358061,0.00823497254603,0.00802776284884,0.00727194596667,0.003893049794,0.00557233802947,0.0314501378348
0.0113024314356,0.0,0.0,0.0191721385677,0.0,0.0,0.0315224038712,0.0,0.0539508913064,0.0,0.0,0.407197610087,0.0,0.0927555170573,0.0,0.0457897504762,0.0293174840395,0.0,0.0216633222911,0.0196565191271,0.0211584050351,0.0,0.0231090968923,0.0649115823146,0.0300415749849,0.0114100149307,0.00474042340278,0.00812989258327,0.00970460470334,0.0165122904135,0.13232100427,0.0278840009069,0.0338944519415,0.0119005676864,0.0221593814665,0.014694859651,0.0115530971922,0.0112207028763,0.00737864405233,0.0593771464096,0.022218255472,0.0193499028805,0.0410231776451,0.0257877983373,0.0300336908265,0.0471401540673,0.180561351043,0.0273299084714,0.0151318521129,0.0272806813721,0.00874776457663,0.0160483088503,0.0108502014688,0.0499932016347,0.0215411732809,0.0116070830132,0.0152046170361,0.00686017602664,0.0653126397144,0.00903781589401,0.0231001486577,0.0253693425413,0.0107349998842,0.0177282958467,0.0177297836833,0.0243812362255,0.0210737479239,0.0185629375771,0.0240942881512,0.0154122773891,0.0574406421924,0.0146092810519,0.0125574667094,0.0447685475599,0.0125906791499,0.0317628131446,0.0222973049823,0.0164030071096,0.0127316219297,0.0113976957322,0.017741454869,0.0101114697427,0.0151141679395,0.0128315066597,0.00985436375392,0.00982120194956,0.00982858435323,0.00926138458,0.00997212562891,0.237111244364
0.0109285518125,0.0,0.0,0.016741711159,0.0,0.0,0.0262431912584,0.0,0.0518360600391,0.0,0.0,0.413141447087,0.0,0.0831466173147,0.0,0.0397264081821,0.0299293611704,0.0,0.0261422006732,0.0209792272382,0.0218401930577,0.0,0.0273787731322,0.0724718126764,0.0195815221558,0.00688497027433,0.00643131475992,0.0214043187233,0.0158015728859,0.0235709730002,0.129463496147,0.0190657355261,0.020976765334,0.00235901313411,0.00648504715093,0.0138059854964,0.00834163949013,0.00575617266679,0.00840896945748,0.0530975820408,0.00431534258556,0.0180818167491,0.0430840144262,0.0124368523477,0.0204507461369,0.0375857077468,0.186566324513,0.0198752339222,0.00837024398387,0.0249118955171,0.0125494012818,0.0159455545537,0.00994939677241,0.0503963472957,0.0196818127749,0.0237600714797,0.0158008560512,0.0117625799424,0.0662098122803,0.0120600013641,0.0196317660581,0.0309044349172,0.00747762355472,0.00948818479095,0.0249902672761,0.0150966730418,0.0158899401523,0.0188177654004,0.0257611609559,0.0117135330029,0.0515795105545,0.00790526533025,0.00848610236546,0.0520365248856,0.0109454786092,0.0211664066376,0.0188035830194,0.0169112706355,0.00778859414031,0.00968569620514,0.0129386255501,0.00734262317762,0.00866924480578,0.00581147789485,0.00779638466092,0.00849628352817,0.0071648557382,0.00466106951002,0.0059118517442,0.106530878887
0.0220296110209,0.0,0.0,0.0297248656523,0.0,0.0,0.0393305235492,0.0,0.0633129698466,0.0,0.0,0.425369638244,0.0,0.0803943850571,0.0,0.0408830692793,0.0285243141552,0.0,0.0212615189922,0.0141787594437,0.0158742084915,0.0,0.0209621136854,0.0682201998646,0.0262116367875,0.00924675152501,0.00474095299573,0.00883406963768,0.00722842096641,0.0178934205314,0.136718875351,0.0273861804847,0.0319693050624,0.00871679445293,0.0142977589231,0.0164914034445,0.0128234238323,0.00946193212298,0.0146672224881,0.0497770853289,0.0083362416981,0.0111856653998,0.0298898623242,0.00469961846198,0.014854347345,0.037664800606,0.210147732661,0.0280083362153,0.0216371652748,0.0358434490777,0.00641509074331,0.012589255723,0.0133851726522,0.0507368812304,0.0184737040318,0.0172846473613,0.0121176285967,0.0079301292038,0.0338340510108,0.011326186019,0.0112109740189,0.0190246719635,0.0141783048329,0.0179140655092,0.014747217606,0.0235630552062,0.0224596415219,0.0158988545373,0.0259494919719,0.017318022733,0.0402676197632,0.00745696490388,0.00893769621725,0.0475007083711,0.0084381111788,0.0253484587852,0.0159954989199,0.0124229460389,0.0101652690402,0.010288362867,0.0154678109263,0.00829095730374,0.0103797435383,0.00678683212226,0.00973145122218,0.00827237895215,0.00764908765118,0.00638865610213,0.00676987342152,0.18080087569
0.0176990797943,0.0,0.0,0.0208960011062,0.0,0.0,0.030525750393,0.0,0.0671294336324,0.0,0.0,0.416323307704,0.0,0.0930170033121,0.0,0.0369231089554,0.0243380547295,0.0,0.0190725667312,0.0125006891633,0.0130774034347,0.0,0.0151634359753,0.0564792557823,0.0371033123085,0.0149278437159,0.0101714389599,0.0115186749501,0.00501365318693,0.0182010941927,0.131617339637,0.0262806920212,0.0400192940327,0.0139777050704,0.0214575133015,0.0270840301223,0.0224948301024,0.0175030519096,0.0152352411401,0.0614944972984,0.0191919334754,0.0167456530631,0.0366040053166,0.0189329008365,0.0225488871889,0.0465973720576,0.197961158361,0.0259777967989,0.0150884090145,0.0226827459616,0.0095092668251,0.00706941504828,0.00947703985858,0.0574223498404,0.034399634557,0.0255789215483,0.0179637104758,0.0116430925479,0.0239457197788,0.0155984017523,0.0209287708367,0.0262537028392,0.0124723313316,0.013596917895,0.0201345648651,0.0222294556175,0.0184308398238,0.0229013663273,0.0241441263535,0.0199275739252,0.0438660660922,0.0117712330466,0.0112024698107,0.0349687209482,0.0166741200446,0.0247422248274,0.0142548703494,0.0176412486713,0.0132177039111,0.0138860630594,0.0159302096155,0.0124718320264,0.0124365764409,0.0125351763716,0.0137054320727,0.0145192614222,0.0124846132607,0.0120322558601,0.0124152474977,0.345694500565
0.0173375344406,0.0,0.0,0.0226579109629,0.0,0.0,0.0309948480134,0.0,0.0544686302327,0.0,0.0,0.410852653073,0.0,0.0780573610501,0.0,0.0345996767774,0.0227310559222,0.0,0.0166627297167,0.013601064379,0.00891294694578,0.0,0.0076924656962,0.0507515353421,0.0413095678483,0.0243478900136,0.0207594641607,0.0363185928491,0.0176985098035,0.0247157410279,0.132413838665,0.0194616782847,0.0186502031668,0.0017392127092,0.00473075770813,0.0144076739633,0.00168431184329,0.00241171817953,0.00587552442252,0.046407279722,0.00703170278805,0.00842139269479,0.0161121954989,0.00581534228267,0.00969017437245,0.0375013745338,0.148775901958,0.0298298268124,0.0167237565684,0.0275778844635,0.0184140340811,0.022743558339,0.0189248198895,0.0683850073003,0.0132902141119,0.010454985295,0.0105491904419,0.0100091681737,0.0447443595479,0.00775663803704,0.00955641859839,0.0158306951156,0.0091899932963,0.00829302585295,0.0160229323854,0.0167158289816,0.00856080076056,0.0102290635871,0.0187949428797,0.0091547976823,0.0427958916945,0.00716353708079,0.00903112995251,0.0317194087089,0.0070241085838,0.0149441874743,0.0134133081665,0.0111739628686,0.00902773441345,0.00847502646459,0.0133117172882,0.00655523105586,0.00826682046001,0.00649983997751,0.00649198143025,0.00705844034785,0.00662953725092,0.00576561735002,0.00642356320452,0.159929136654
0.0209424845477,0.0,0.0,0.0261704805942,0.0,0.0,0.033856290911,0.0,0.061183848151,0.0,0.0,0.413465113825,0.0,0.0686117126791,0.0,0.0304020091835,0.0168766393439,0.0,0.0110301641063,0.00906733901926,0.0085820064725,0.0,0.0111791466287,0.0580626277058,0.033107828606,0.0179150900483,0.0137663329972,0.0268154352701,0.0164562104532,0.0262113529948,0.131150265358,0.0204151521447,0.0218984745146,0.00475957868366,0.010496148402,0.014610963947,0.00541112714382,0.0066666641161,0.009570988522,0.0507637595143,0.00240397614455,0.00804686576767,0.0208938879547,0.00951671655566,0.0100434728674,0.0348051772618,0.130982093417,0.0183287948456,0.0111177446231,0.0278915634913,0.00940231661427,0.00990447668629,0.00980919888203,0.0747200057198,0.0121508411157,0.0106674364756,0.00828240265528,0.00887396796552,0.0433797276785,0.00689759716122,0.0113463257322,0.0124851720888,0.00678816047039,0.0106895628451,0.0171081527083,0.0105372712453,0.00918703215106,0.00954112961274,0.0117399536438,0.0103075497265,0.0315724035899,0.0066077633977,0.00513518678278,0.0253081233606,0.00495797282162,0.0157802453946,0.0108315918769,0.0088359904066,0.00574671076526,0.00508597852886,0.00783866735932,0.00457829428642,0.00570961494978,0.00388864397768,0.0046603104463,0.00587670528479,0.00430019404159,0.00257042173546,0.00352622323973,0.0459378843639
0.0134896480694,0.0,0.0,0.0162895880355,0.0,0.0,0.0279063429569,0.0,0.0604783032158,0.0,0.0,0.418476034607,0.0,0.100648779297,0.0,0.0418421159836,0.0273219438538,0.0,0.0235574625093,0.0181065817261,0.0214703053599,0.0,0.0258652440962,0.0677895461103,0.0290454963524,0.00853522469022,0.00370509738621,0.00521408147541,0.0102989523567,0.0142340291435,0.137176001599,0.0278474013949,0.0312179832582,0.0137538563523,0.0225853851134,0.0185138003554,0.0100716802318,0.00950511464176,0.00897330716244,0.0550586495138,0.0165736230754,0.0202010628749,0.0258804968424,0.0195269925393,0.0229999465495,0.0363841137705,0.0834853855515,0.0225976302504,0.0202503777645,0.031456425205,0.0092992413368,0.011507548609,0.00799879765799,0.0721622670697,0.0179574609197,0.0192433080657,0.0184028229052,0.0183788419186,0.0364122666954,0.0110582461792,0.0186158478639,0.0236618527276,0.0154766721531,0.0142269970808,0.0192547117439,0.0225689603441,0.0120887379275,0.0125340559804,0.0187955818892,0.0183459871938,0.0388211419082,0.01625539497,0.015380913251,0.0364152023902,0.0116699279978,0.0190249418373,0.0162459348008,0.0149164292159,0.0119324718672,0.0119237600522,0.0144590831806,0.0130157234655,0.0125607102759,0.0128763792188,0.0117175834272,0.013524736584,0.0138950537875,0.0129076177561,0.0151572161545,0.331172219091
0.0264646242622,0.0,0.0,0.034145465262,0.0,0.0,0.0435270957286,0.0,0.0562093648239,0.0,0.0,0.318242651295,0.0,0.19287701916,0.0,0.138637077453,0.0990606717353,0.0,0.0682347093837,0.0457594848922,0.0240323828301,0.0,0.0227701004734,0.0622282679875,0.0310525617544,0.00932104185837,0.0317522929455,0.0676588815215,0.011497647629,0.00932611302347,0.108761326794,0.00619815520755,0.0366433116477,0.0123829316883,0.0865245716826,0.0440444112897,0.0230686517009,0.0131211283015,0.0137613170774,0.0659398880192,0.0769825231645,0.180596124264,0.0620148046518,0.0302841520805,0.0202252239319,0.0301559368059,0.197461054991,0.0510922855363,0.0418863720097,0.0360307069798,0.0342717905691,0.0454397669195,0.0622569999551,0.145973411986,0.0509595030274,0.0626085161729,0.0392089867008,0.0580972899664,0.0891520017962,0.062021650139,0.0747612832345,0.0788400097487,0.101680084978,0.101917151856,0.12839095216,0.1476193437,0.128590342432,0.158469900201,0.102765125567,0.0664226614825,0.0547241774171,0.0550823658255,0.049936036759,0.0451687643371,0.0702877926118,0.038702915709,0.0242685233601,0.0550957735929,0.0314812966015,0.0357644782715,0.04921418984,0.0371428029921,0.0862946280071,0.111216193437,0.0491037784216,0.0467928269515,0.05564959239,0.0622639261592,0.126098745353,1.63610265557
0.0182896453644,0.0,0.0,0.0226121954199,0.0,0.0,0.0235438110092,0.0,0.0317942632296,0.0,0.0,0.0418087148668,0.0,0.0715321584495,0.0,0.350976120354,0.130000241325,0.0,0.0556543960255,0.0329166971017,0.0246080672005,0.0,0.0218606518716,0.0195442919182,0.0195805318441,0.0205178416825,0.0223411000309,0.0876823810848,0.0116070179175,0.00524070730706,0.00361342108398,0.00279926831802,0.0118521055499,0.0103039774294,0.145246004043,0.0167894659704,0.0130121983579,0.0110420643388,0.0168686139398,0.104822974228,0.0331243069497,0.108909148235,0.131350497951,0.0806447383115,0.0193512477854,0.00689410823843,0.152581420014,0.0290681781086,0.0105965862585,0.0546791381444,0.0976400549434,0.0607074989272,0.0299882230071,0.184672456605,0.0973073246388,0.116364086042,0.0370368642545,0.0344272694806,0.152879355614,0.0251326667346,0.0986734912193,0.078254723076,0.138673568349,0.0499705703856,0.052290852841,0.18737373738,0.0827866322723,0.0773655574625,0.0421022671576,0.0319672070189,0.0529377747367,0.0320277691475,0.038049367408,0.0320820522105,0.0989972565603,0.0364092573439,0.033398001502,0.0461727651691,0.0290451750387,0.0418125728714,0.0401738814111,0.0517452908019,0.0435858575718,0.0710880206155,0.0425731789799,0.0419010690181,0.0450512662817,0.0329550148221,0.069802853623,1.06329085601
0.0112459975381,0.0,0.0,0.0154238532647,0.0,0.0,0.0210740836059,0.0,0.0295194026098,0.0,0.0,0.0391610896176,0.0,0.0662114037933,0.0,0.32554163708,0.133434421053,0.0,0.0597584588778,0.0328615049593,0.0250747599015,0.0,0.0183990235411,0.0212380154591,0.0167749922,0.0140230199511,0.012682982794,0.0780498146659,0.015608144531,0.00928511795244,0.026348059365,0.0128168760727,0.0288199498648,0.0208892209894,0.230607980997,0.0218902762268,0.00834704218164,0.00911248802855,0.013982676281,0.119949190415,0.0335177778724,0.0314124945184,0.0375566524221,0.12510026921,0.0138186044438,0.0166688237286,0.166295742435,0.0298244164992,0.015974432352,0.042238571681,0.0310482169504,0.136370174036,0.0287588120773,0.084251469473,0.0279057477351,0.189107020268,0.0344087824916,0.0345569471556,0.148310657642,0.0302325825157,0.0423484946936,0.0360911074487,0.19148867882,0.150327801159,0.049694048564,0.121461990984,0.0514369681121,0.0789231710641,0.0534062107859,0.0206368665289,0.0705236993018,0.0331747595204,0.0550125304976,0.0371610210184,0.0665801846697,0.0650068058332,0.0362749056966,0.0660667895342,0.0274280641637,0.0432084848474,0.0447495533301,0.0331988655311,0.0542549111177,0.0718761382116,0.0510480910384,0.0526787301776,0.0573598391562,0.036359183076,0.0591951455754,1.27292055292
0.0163195289462,0.0,0.0,0.0199812416123,0.0,0.0,0.02523273694,0.0,0.0275277788166,0.0,0.0,0.0422799895213,0.0,0.0764247662813,0.0,0.316331295983,0.125678109371,0.0,0.0531184380755,0.0285259527943,0.0263520669992,0.0,0.0169637958609,0.0174195165032,0.012574498789,0.0151259417996,0.00886110864611,0.0274250871988,0.0101761115855,0.0145167857712,0.0183746013999,0.0111503874838,0.0263982156217,0.0207352574478,0.212427542527,0.0300962567201,0.00571106774241,0.00761874265403,0.0228224792617,0.186039559536,0.0261109985337,0.0375202524687,0.0365705444458,0.103346898592,0.0245742421837,0.0262455779479,0.167991289646,0.0237670439344,0.0142658851721,0.0311913706132,0.0175626161174,0.0900756162524,0.0311216759093,0.119209076359,0.0181140235651,0.252584452418,0.0350380230832,0.0455972187679,0.145200768679,0.0334158232356,0.0334337663143,0.0419240926407,0.201528296756,0.174282130095,0.0447514784179,0.15687634399,0.0433617079412,0.135069629654,0.0393991601977,0.0208691223955,0.0751195843346,0.0495050417991,0.0369234936215,0.0373062669893,0.0797785497508,0.0676472404972,0.0455883363674,0.0570116193774,0.0294788687066,0.0485771872884,0.0651150809594,0.0295077185979,0.0583058088909,0.0673677575969,0.0911313260612,0.0445217442484,0.0586774856002,0.0345626607684,0.0549302598274,1.10280617285
0.0185156672947,0.0,0.0,0.0211973678427,0.0,0.0,0.0248403085648,0.0,0.0297433962657,0.0,0.0,0.040814758229,0.0,0.0764186372175,0.0,0.323550996565,0.114615490081,0.0,0.0461052074041,0.0276583581871,0.0200584110194,0.0,0.0152591757332,0.0137412750752,0.0119530272829,0.0117643646741,0.0126404600361,0.0652155990802,0.0112014882532,0.00734134923924,0.0123835161641,0.00561137288835,0.0104819454808,0.00989775046895,0.127506219986,0.00911877414319,0.00360392155628,0.00467565271121,0.0143876493545,0.152794514378,0.0255566782873,0.0223129949398,0.0167379877383,0.0837589538631,0.0421844736746,0.03281890878,0.256395296946,0.0244624685006,0.00559030844489,0.0272083454056,0.0132259278685,0.103905232652,0.0235070172199,0.154389543147,0.0631199943036,0.156528685807,0.0468015311933,0.0334797065226,0.167536159225,0.0377787025035,0.0164140796054,0.0462063345114,0.237546415744,0.0769246315712,0.0520510213535,0.147413886465,0.0410110777832,0.131320950019,0.0442977184078,0.0214922807006,0.0641275444044,0.0476030666227,0.0486504216385,0.0428774611018,0.124780070576,0.08970708817,0.0431730861165,0.0674372318044,0.0267407480077,0.0505965276516,0.0688645723572,0.0409554713912,0.0400075729591,0.0539545448681,0.102239448205,0.0400987381939,0.0541010369992,0.0376093648736,0.0526465026917,1.11515393639
0.0132766236818,0.0,0.0,0.0153129914253,0.0,0.0,0.0184555577653,0.0,0.024139949122,0.0,0.0,0.0346229238707,0.0,0.0650225452582,0.0,0.332188514279,0.124705563654,0.0,0.0545533935725,0.0359867996179,0.0283803347446,0.0,0.0238988377799,0.0210395787224,0.0175735153699,0.0186551731268,0.0194152092062,0.0531874677524,0.0122238345892,0.00914670540408,0.0145098946067,0.00958748413151,0.0183405969684,0.0129610242163,0.0741618072672,0.0109812275745,0.00228923888334,0.00786437346063,0.0146677275304,0.106907363402,0.0233963469354,0.021386953939,0.0155996797443,0.155995612477,0.0061805509817,0.00519270579156,0.132375441122,0.0315137499514,0.0245389788081,0.0402984442937,0.032958968539,0.136739400725,0.0320605698124,0.160971685389,0.0356099634508,0.0928479358621,0.023704670993,0.0280671486667,0.103175187747,0.0241054451937,0.0276808744257,0.035012082675,0.265057816528,0.239848797276,0.0313638007109,0.118300712483,0.0475727482111,0.178176745127,0.0413355210275,0.0218861069814,0.0507816008853,0.0353682234755,0.0538583798562,0.0350167435316,0.0798922004224,0.0748563094239,0.049078207238,0.0731377652181,0.0270461891996,0.0383483744318,0.0634968176555,0.0296320617085,0.0419805912703,0.0563177881849,0.0639266194048,0.0673010959733,0.0539788292046,0.0447398902499,0.0607060468494,1.10978414836
0.0243906836583,0.0,0.0,0.0249828211666,0.0,0.0,0.028884939743,0.0,0.0370475849684,0.0,0.0,0.0476330223222,0.0,0.0847006778581,0.0,0.326696597268,0.132749537224,0.0,0.0447766979849,0.0283096389417,0.021776183079,0.0,0.0144051826252,0.0143246453065,0.00982633996908,0.0103619700624,0.0128408834135,0.0928711917486,0.0198918439887,0.0106015866448,0.0169064476584,0.00672401916502,0.0150582438901,0.00446669637976,0.0736523471231,0.00750465359425,0.00791019690955,0.0125196017605,0.0187325779389,0.112108448899,0.0127617936167,0.0139889610418,0.00974349356516,0.0857150308058,0.0170117453929,0.0291895685252,0.253954157182,0.0651474854385,0.0276493186872,0.0344107655523,0.0343246128291,0.142189734452,0.0523353391077,0.120983912535,0.0251582253843,0.213180489587,0.0232028323017,0.024467029419,0.0490684008451,0.0340146122037,0.020326007667,0.0334847518004,0.203136317957,0.215950935028,0.0368095443295,0.140981441239,0.0395644557914,0.223410167401,0.0383962105476,0.0236690463915,0.0793329942737,0.0566401441114,0.0407577830465,0.04298051915,0.0780818888376,0.0888486058999,0.0471867608675,0.0622732142124,0.0261934655795,0.0402340804538,0.0543096087276,0.0278962246501,0.0500353216505,0.0528469617598,0.101222241143,0.0777607507311,0.0622592353607,0.0457493185841,0.0710770132552,1.29585445708
0.0103451271449,0.0,0.0,0.0134984438791,0.0,0.0,0.021466495093,0.0,0.0243890558623,0.0,0.0,0.0365249573717,0.0,0.0739690211405,0.0,0.344609824986,0.1449210804,0.0,0.0672474943871,0.042043629082,0.0223094635812,0.0,0.0224883339834,0.017580040815,0.0138212394446,0.0115890295561,0.0057304985387,0.084513496312,0.0275753091222,0.0203189930131,0.0304910180851,0.0145251828108,0.0245405143158,0.0139810012219,0.120360465701,0.0213314630391,0.0117117954968,0.0148462481125,0.016037083,0.0675680286529,0.00561404026588,0.0161532343496,0.0211300058633,0.0901282877355,0.0712106066843,0.0511322300862,0.19182200688,0.0350505217571,0.0215204317929,0.0268415671255,0.047744235905,0.0823497415078,0.0617434995513,0.107132223005,0.0289787827285,0.0574902255885,0.0445216935706,0.0237222716654,0.078231589949,0.041137784397,0.0215403651872,0.0280986067534,0.125856666881,0.0588255094509,0.0266302475016,0.102966627754,0.0373999382131,0.110357410064,0.040255754532,0.0177139517213,0.0452720132527,0.032383773964,0.0491444615214,0.0618022028826,0.103216294923,0.0948052779473,0.0610270047777,0.0563588614225,0.0444990793017,0.0463948162795,0.0745936338551,0.0366023567011,0.0590859680622,0.0819851847975,0.188124640598,0.0900822149842,0.0777052564212,0.099657072917,0.279532786112,5.00504303739
0.019619803686,0.0,0.0,0.028043652554,0.0,0.0,0.0268795027852,0.0,0.0329689478072,0.0,0.0,0.0531427446488,0.0,0.0845662673827,0.0,0.36611450426,0.130111513459,0.0,0.0531174135353,0.0359437151635,0.0260197357001,0.0,0.0177725448575,0.0167954312571,0.0160571252836,0.0139109648979,0.0140022134827,0.052540339832,0.00903428990008,0.0042525446442,0.0063343994439,0.00243511670184,0.00395389282464,0.00499048709597,0.103637913088,0.020021174709,0.00894608810613,0.00707390655627,0.0111372909524,0.0607539969838,0.0148222550589,0.0131292455103,0.0136568023035,0.0250185246953,0.0962671347262,0.0173929511489,0.114909720658,0.0302517321558,0.0142698537829,0.0303799355888,0.0308185605089,0.137688781087,0.0364990503734,0.141083834118,0.0234177483527,0.0730959224221,0.10141569481,0.0206987244629,0.0436650141099,0.017730585463,0.0174674617035,0.019797894108,0.0992938262127,0.114675823709,0.0335516344108,0.0843900475151,0.0220159168659,0.0591808784042,0.0553632149886,0.018593566344,0.0535339825369,0.036435920288,0.0953720343406,0.0516358326304,0.0849829517934,0.15498344898,0.041272120754,0.0735818448403,0.0338473670181,0.0227048327761,0.0663515533337,0.0246867718029,0.139789508518,0.103433447832,0.138828387804,0.0529777631512,0.0612322038744,0.0745513397406,0.138066976949,2.19371398217
0.0112829068933,0.0,0.0,0.0146793623054,0.0,0.0,0.019428797276,0.0,0.0313955406292,0.0,0.0,0.0494500370989,0.0,0.0716883593669,0.0,0.347952777733,0.147550850333,0.0,0.0644152412398,0.0422302874339,0.0378257598519,0.0,0.0272619288233,0.0264625456337,0.0276728485405,0.025729331896,0.0218631448899,0.0851858625487,0.00429609848246,0.00646508436979,0.0124602911233,0.00621368285903,0.0087088879926,0.00388232043805,0.0752068460577,0.0225951354002,0.0104300780991,0.0186636097904,0.0117077277219,0.0322137965414,0.00975760540187,0.00722499035691,0.0211042326493,0.054971784506,0.0974247283394,0.0888935498097,0.247357380751,0.0306133247726,0.00988603369727,0.0285441974086,0.0248813556737,0.160781130549,0.0244139040018,0.126067177586,0.0326425528122,0.0977048332911,0.032272764178,0.0266991785097,0.19240112984,0.0384426796022,0.0304007057682,0.033953156747,0.095848661621,0.0983101148997,0.04585093749,0.190003977634,0.0430869436258,0.0614732359344,0.03455193495,0.023544524164,0.0698067706414,0.0294516530077,0.0521695179657,0.107880315122,0.185950356109,0.0958960577914,0.0550289385899,0.0616089477302,0.0298553783318,0.0358624105984,0.0649357433882,0.0411323392595,0.0703059248439,0.0698012088243,0.129847141624,0.115788932713,0.108233469025,0.0770775890589,0.0808491112416,1.97007335735
0.0293867017291,0.0,0.0,0.0639045010675,0.0,0.0,0.0845245985141,0.0,0.0899783341194,0.0,0.0,0.0900462886107,0.0,0.052107387827,0.0,0.279258063428,0.19342666779,0.0,0.0575548871846,0.0192772574731,0.0157489265509,0.0,0.00645769465828,0.0107268423141,0.0222852847756,0.0395729195578,0.0530682219476,0.0960576090781,0.0154744185149,0.036659970066,0.106575750197,0.0161871970293,0.0077618907586,0.00995481673192,0.10670251506,0.0381593083863,0.0256682175588,0.0667240909517,0.0225875628805,0.0371647546675,0.0447245827952,0.101463741446,0.0478575185689,0.0640940457809,0.0715242376417,0.0815004099216,0.136130596876,0.039014293838,0.0384888745411,0.188683603627,0.102147054003,0.174317839183,0.0290058558444,0.122990340978,0.0446746208902,0.0582394031247,0.0642296310428,0.0437600833607,0.126229008856,0.0499834996585,0.115798764774,0.0873549527959,0.0928987569898,0.112907254587,0.0720807581953,0.125471671115,0.0218627144534,0.0776274282198,0.0829629529797,0.0368977930483,0.0595041140484,0.0351990828813,0.0867649833309,0.0928896268588,0.152404214981,0.0980607942303,0.0515762124201,0.0884056246472,0.0524741626948,0.061444000606,0.0797458265948,0.0491105563085,0.0584565422081,0.0758510182102,0.127063252517,0.1269230144,0.0867227264653,0.0600117771255,0.0624984836572,1.61654320519
0.0135818481059,0.0,0.0,0.0245236901993,0.0,0.0,0.29110462033,0.0,0.0348929218657,0.0,0.0,0.0196736714047,0.0,0.00912464184848,0.0,0.0137448669827,0.0125816792574,0.0,0.0879994709299,0.0235629752513,0.0171473355448,0.0,0.0105250241466,0.0137257301896,0.0180528185027,0.0929041804635,0.0392074507825,0.0374940188601,0.0236720227908,0.0326766470364,0.204809999849,0.0334359283649,0.0502406699036,0.0202283189888,0.148501998849,0.00940118478079,0.0426515868449,0.0804349388854,0.0150825518959,0.0484286123562,0.0461175924487,0.172997660049,0.0373981449381,0.00980641183804,0.0379139758149,0.0267537193534,0.20184017424,0.0330372262308,0.059596713779,0.125191771213,0.019767426238,0.0397122233643,0.030965548714,0.151888257543,0.0396949677319,0.0417902676381,0.0662146947239,0.0237289796418,0.0590358388871,0.0624203698892,0.104197635167,0.15137243418,0.0531466073158,0.0467188193851,0.0482131556844,0.107243230765,0.0350278844487,0.0755755776507,0.0753645818489,0.0477018021201,0.0704698462699,0.0469268958103,0.125093737044,0.0830136525836,0.0881234046861,0.0959192848191,0.0380619294387,0.0994117136237,0.0489696984759,0.0393642803546,0.0637990011606,0.0536649905572,0.0908550048054,0.105855381951,0.109826970205,0.0786931030025,0.0511810607679,0.0564797151894,0.064692618964,1.74962327208
0.0133789988081,0.0,0.0,0.0238456920659,0.0,0.0,0.276373630131,0.0,0.0346544895115,0.0,0.0,0.0121729301769,0.0,0.0139302395702,0.0,0.0115274588862,0.0192754726517,0.0,0.0886293108787,0.0351441687853,0.0159998019864,0.0,0.0110867924939,0.0120291983689,0.0150347431635,0.0699017993793,0.0223898145236,0.0306925754847,0.0218303756705,0.0318710357627,0.230575993468,0.0351536259923,0.0429260890789,0.0250292674653,0.222804471155,0.0424282074786,0.0413890269249,0.0859060437226,0.0175692072484,0.0247033721879,0.0217254531026,0.0597729040746,0.0403593765489,0.0402563413363,0.119395073828,0.0224492618917,0.145398003685,0.0129233937303,0.0307372462965,0.176696838453,0.0633415801303,0.0496674005246,0.0414545169145,0.152199945968,0.0221622072726,0.0463183108347,0.0372487836728,0.0317938590686,0.0658414557987,0.0540339052143,0.133273891287,0.22912895756,0.0738150269867,0.0502500002833,0.0622606847133,0.112754589555,0.029798475709,0.0584044300223,0.117605722201,0.0504694529312,0.0661903724118,0.0514838962994,0.150763162145,0.0784663415675,0.0662865963095,0.0743106678843,0.0634060501467,0.107059032282,0.0535114666661,0.0495774054381,0.0694041848086,0.0549713009992,0.062031677789,0.118149910776,0.09544715389,0.0800597519577,0.0489200378692,0.0526355675305,0.0533435381667,1.61346405349
0.0151302284913,0.0,0.0,0.0256324227848,0.0,0.0,0.278183664655,0.0,0.0332770089389,0.0,0.0,0.00846272493343,0.0,0.0102196534838,0.0,0.0023705250647,0.0146730787624,0.0,0.0822685350322,0.0342164102388,0.0191279495795,0.0,0.0160231877492,0.0174800131312,0.0252211174493,0.0932487330642,0.0362443971023,0.00839092480333,0.0181721756019,0.0220748222935,0.160010756872,0.027954857809,0.032833071152,0.0110050292898,0.154636925924,0.0362285824893,0.0481254275741,0.0920680999652,0.00688708674254,0.0327342549719,0.0274878839184,0.136624874271,0.0513625862306,0.0348614177777,0.119965072711,0.0256108843037,0.112945861714,0.0559856220144,0.0508436209797,0.302504553739,0.0755742026571,0.0356772921418,0.0347657985063,0.136558500905,0.0404969833058,0.0429549375163,0.0575287402974,0.0317341503077,0.115187711495,0.0586213009016,0.157652523581,0.255915743001,0.0666847701963,0.0394209074704,0.0519207215985,0.169617724266,0.0326360484321,0.0559290772399,0.114388057329,0.0717101016207,0.0739189016525,0.053450064454,0.146162385164,0.0884654564209,0.0558403860539,0.0867016592932,0.0497172373133,0.0911628134614,0.0539924202526,0.0759220215043,0.0691083599869,0.0538719654129,0.0819264842434,0.10084056573,0.0978174740862,0.110128713657,0.0477526519885,0.072147898453,0.0686546158307,1.73844679676
0.0122054952625,0.0,0.0,0.0213798257617,0.0,0.0,0.271426214517,0.0,0.0358130659698,0.0,0.0,0.019081029007,0.0,0.0144545660399,0.0,0.014163908801,0.0189187472028,0.0,0.0885423774841,0.0324527939514,0.0156757958734,0.0,0.0182942460534,0.019655954292,0.0270979793464,0.112234604614,0.059051825273,0.0425470595145,0.0156992326868,0.0232716257606,0.108244880908,0.0170174430126,0.01543525584,0.00538495362213,0.0744171260292,0.0168425157889,0.0224584332813,0.108400703946,0.031367321223,0.0278265865547,0.045796814288,0.0593365680963,0.0760402630794,0.0299974193292,0.0735105893731,0.035495000612,0.0924360091802,0.048664521992,0.0570020465261,0.173265978039,0.0415817414172,0.0450069019917,0.0388924675275,0.291006642571,0.0597680036898,0.0586223584573,0.0529999646487,0.022754086385,0.103563565578,0.0841976710653,0.0890063978486,0.258199735484,0.0700827821183,0.0509052547297,0.0691489578403,0.151032839153,0.0438758297664,0.048749557438,0.109234820534,0.0547151360339,0.072013271626,0.0581772333891,0.163695845036,0.112282733006,0.0492063854805,0.0852337786916,0.051034694994,0.131406306427,0.0578969194273,0.0622433402302,0.0605597169894,0.0539686817512,0.0820089108683,0.127659134406,0.110903668004,0.122994245623,0.0479765539104,0.0731817695836,0.0668932989638,1.77679913523
0.0134817791957,0.0,0.0,0.0209929768792,0.0,0.0,0.269863026138,0.0,0.0311869686251,0.0,0.0,0.0142780719427,0.0,0.0136942362778,0.0,0.0135396525545,0.0178734637711,0.0,0.0831869860729,0.0203825029022,0.0125616051418,0.0,0.0139844243212,0.0174054641256,0.0266799223418,0.126594248416,0.0576093632311,0.0374523906167,0.016342507959,0.01367241474,0.0460937886359,0.00656496349516,0.0205882305222,0.0135165462832,0.0574394289157,0.0214140789346,0.0258521973908,0.0743763767517,0.0344801568191,0.0423229975783,0.0168363721076,0.175004494719,0.0949539334291,0.02279735543,0.0973331217261,0.0225988062761,0.0760330988476,0.0219197755742,0.0175409627951,0.178876018304,0.0201262519457,0.031593094368,0.0440832249667,0.189347035053,0.0409253499213,0.0473058341608,0.0370931367341,0.0147881909283,0.0842080191976,0.0637622347316,0.120290382925,0.317060834254,0.0714949421055,0.0646378289606,0.0474413037567,0.164142579866,0.0377891102406,0.0459988485657,0.0834181048433,0.0825615008939,0.0576268719569,0.0498152095887,0.130122691514,0.106276043598,0.0555632695894,0.078096377913,0.0454677745583,0.120126335283,0.0431411481448,0.0486368419894,0.0537360214942,0.0463465184147,0.0705617352559,0.14476596297,0.0980456108027,0.10503468122,0.0481842026674,0.0656076204146,0.0680045436113,1.49000778239
0.00965098048973,0.0,0.0,0.0218407822428,0.0,0.0,0.269562499023,0.0,0.0327065470461,0.0,0.0,0.016041642021,0.0,0.0115305825239,0.0,0.00955013042088,0.0146024563639,0.0,0.063903982869,0.0214984111897,0.0111335949562,0.0,0.0135190728821,0.0188886499528,0.0274975745626,0.111398844923,0.0579503115012,0.0438816323426,0.00724031605755,0.0110721142153,0.0538874383124,0.0096030486067,0.0166373098393,0.00673171025724,0.0917194781283,0.0362111248997,0.0209811412286,0.083421256586,0.0129429734273,0.0199076358559,0.0383996452155,0.147603727699,0.0506258145999,0.0312335874581,0.0850412443043,0.020618695938,0.120640034303,0.0462875581681,0.039171143827,0.219273795278,0.0365348839287,0.0389392076985,0.034941943185,0.172913284095,0.0252419576259,0.041146416587,0.0371383863822,0.0269464125298,0.090363450881,0.0483847738422,0.126698985205,0.235460083291,0.051371418353,0.0394164765029,0.0679320838315,0.149442005723,0.0281315391905,0.0386234130372,0.0939374151066,0.0869916694114,0.0765173138212,0.0644152194321,0.114546912422,0.0907971834896,0.038756058735,0.074537572367,0.0471369580427,0.127946129168,0.0448405379429,0.0659384430197,0.0610578097529,0.0519057370916,0.0614731196789,0.159256032491,0.0942653129901,0.10711615608,0.0410146430473,0.0647795778038,0.0695388367524,1.58610795231
0.0156775869583,0.0,0.0,0.0282834754644,0.0,0.0,0.272677035721,0.0,0.0274560061055,0.0,0.0,0.00888455694133,0.0,0.00371654864768,0.0,0.00258782822013,0.0103793885554,0.0,0.0531852562851,0.011121455738,0.00138020326245,0.0,0.003027880398,0.00558361950596,0.0242202931716,0.0973578822688,0.0498784883472,0.0333040875739,0.0104711388936,0.00127393444327,0.0542636457115,0.0192161547466,0.0281848514005,0.017169638587,0.0647858330596,0.0105240609268,0.010932755964,0.0620347063775,0.0244035086071,0.0216945645691,0.0183542931447,0.155750746019,0.0503531658132,0.0460107596814,0.113912357467,0.0155795519494,0.118213833615,0.0236937045992,0.0744311861662,0.266960511882,0.0709410887258,0.0461143471962,0.0380896418262,0.118572882205,0.0287976319293,0.0244935619515,0.0371593272447,0.0182200172825,0.111813100062,0.059008826553,0.121726949318,0.222203789969,0.0553736308346,0.0453869263397,0.0520159752844,0.143542851722,0.0285820523885,0.0333432392474,0.0866101166785,0.0556931760492,0.0559461361247,0.0632903298808,0.0975920385865,0.0911483210346,0.0335795105634,0.0694461484022,0.0418803223908,0.0993025875006,0.0394690061744,0.0565438654064,0.0641156748591,0.0492700191961,0.054342154121,0.120071731621,0.0731077855098,0.0984163673767,0.0434303624951,0.0537057343858,0.0526187499095,1.21950959415
0.0159209484741,0.0,0.0,0.0245809780992,0.0,0.0,0.283157989968,0.0,0.0256352966384,0.0,0.0,0.00909126981179,0.0,0.0028326581447,0.0,0.00358151074579,0.00641385365254,0.0,0.0584001191395,0.0126168537536,0.00183004690889,0.0,0.00426652452788,0.0108898303659,0.0176638277173,0.103740148319,0.0400959008541,0.0283829545114,0.0104590070384,0.00822270291285,0.0688471730248,0.0122520155096,0.0181408612783,0.0128947860573,0.0701011664789,0.0107238648029,0.0181811934998,0.0669041979297,0.0110805148462,0.0375451923982,0.0379033215692,0.109404599432,0.0462136910308,0.0268168931724,0.055025081178,0.0107090893361,0.0950703177341,0.0211829630221,0.017457328939,0.272111327585,0.0352796964777,0.0329022596083,0.0216384691056,0.0610255089165,0.0892729424606,0.116322902718,0.0559510657193,0.0195951772576,0.122168697379,0.0459957248112,0.045231490551,0.145784947101,0.0769957939046,0.045189954954,0.0630660572133,0.106757511947,0.0288728596775,0.0425339008083,0.0505281981367,0.0422830941504,0.0724859401186,0.0394794573654,0.0703099639444,0.132236972236,0.0767106662466,0.0687758363784,0.0561527582455,0.0978685191748,0.0459266311137,0.0598258017616,0.0635425050025,0.0489917484734,0.0600842709242,0.11197334766,0.154886022663,0.0919708145091,0.0422629712491,0.0464710783014,0.0470618470566,1.37340630096
0.0144938767942,0.0,0.0,0.0270675037353,0.0,0.0,0.264584569028,0.0,0.0245898764812,0.0,0.0,0.0132304735085,0.0,0.00695273505499,0.0,0.00743873320172,0.0067147221876,0.0,0.0528991320454,0.0178766976018,0.00955956717143,0.0,0.00941043626644,0.0119232051403,0.0211663288794,0.102523527263,0.0444787143195,0.0406975939925,0.0129587567878,0.0147156507396,0.0370721215128,0.00304459023958,0.00613330747828,0.00671693684753,0.0340949801085,0.0166951329131,0.0050395996447,0.040978462038,0.0282225314777,0.0391188719601,0.0204444351377,0.0531706510675,0.180580414627,0.0227511849485,0.0373268410286,0.00938387987629,0.0702831900442,0.0332018469953,0.0688345218868,0.243115759499,0.0599861043449,0.024231250298,0.0240639711816,0.115377697873,0.167648543789,0.0660256007709,0.0628698990625,0.0232353614671,0.0786827267851,0.0415281287606,0.0356213916868,0.263646016606,0.0531661803127,0.0431895210262,0.0545095700531,0.139909278949,0.0439780381282,0.0506723178292,0.0687749595516,0.0254303747066,0.116066443372,0.0448800804261,0.0472534606671,0.239422779776,0.100878389991,0.0868672314648,0.105955799684,0.0975995306709,0.0476933957693,0.0527694720756,0.0712038570408,0.0464518889225,0.0855566116036,0.201592058666,0.179684880197,0.120976791823,0.058624717365,0.0548673619815,0.0580058325695,1.67312555512
0.012765783366,0.0,0.0,0.0260550293058,0.0,0.0,0.278727088349,0.0,0.0420128069226,0.0,0.0,0.015057778269,0.0,0.0219716732011,0.0,0.0148210861709,0.0166707952083,0.0,0.0576551211576,0.0180159087249,0.0123666773575,0.0,0.0141640860208,0.0200776731885,0.0362680707885,0.118756773095,0.0595489874521,0.0352448079186,0.00949326548638,0.011897639319,0.0381745713757,0.00559604998325,0.0108399309544,0.00815401642228,0.0636261533427,0.0132623434133,0.00730850769006,0.0450210417947,0.0163158523211,0.0204474026273,0.028940064282,0.146769778379,0.0903506571531,0.0210644680565,0.0430567450252,0.011833916419,0.0914904226462,0.0226045641791,0.0258184518635,0.229538705058,0.0268023510236,0.0213684708575,0.0190712086447,0.105990304108,0.0332910516735,0.0322109454948,0.0413932932756,0.0143946971752,0.048870596052,0.0295518846872,0.0451805678813,0.114672024293,0.0333251767219,0.0494279479812,0.0459855713883,0.114194700271,0.0356789107462,0.038217297956,0.0482483429425,0.0516419047083,0.0572510444247,0.0444121324098,0.0534400149981,0.0819319645516,0.0469411241151,0.056557533654,0.055922037644,0.102003771132,0.109540392967,0.0711637483347,0.0781764863121,0.107689120737,0.0665151756707,0.143337318872,0.0618011666549,0.0943080826763,0.042413385335,0.0660911558259,0.10357748687,2.40678337424
0.0233795291281,0.0,0.0,0.0283476686655,0.0,0.0,0.281746102094,0.0,0.0411242909717,0.0,0.0,0.0304576778612,0.0,0.0372328702793,0.0,0.0376121592321,0.0358120609633,0.0,0.0568960916468,0.0255185168255,0.0176407586675,0.0,0.0122871975666,0.00989422951115,0.00215781200875,0.102140505369,0.0757512721991,0.0472256540245,0.0108266269523,0.0266820909663,0.068877416575,0.0185119364991,0.0150808504231,0.00515570038023,0.0351592027594,0.0170896142834,0.0335985349681,0.0280507329477,0.0199104062845,0.0512066335813,0.0392039161907,0.155047830658,0.0637792733342,0.0171337354828,0.0908659792603,0.0377716840948,0.128424280515,0.0539318209885,0.0381114982259,0.188521648383,0.0553075241471,0.0535737989174,0.0522505564337,0.0956734346708,0.0576887218681,0.0328421200101,0.0375080453413,0.0318718000907,0.0686394287016,0.0379929937645,0.0505571488793,0.0540014879803,0.045740752215,0.0743301210422,0.0520788699401,0.110279440553,0.0298987722557,0.0417441771063,0.0530285850488,0.0679025964657,0.0790250377831,0.0406484445186,0.0612706334165,0.091772804786,0.0514401685435,0.0732958197646,0.0446782668004,0.111157633241,0.0676855414722,0.0654394309317,0.0504389558841,0.0525451398231,0.0647336834335,0.105159432213,0.0729726980748,0.0629826161389,0.0525056984976,0.0423291002642,0.0479369221686,0.879022103016
0.013383497289,0.0,0.0,0.019263772517,0.0,0.0,0.0279252009759,0.0,0.0515133730086,0.0,0.0,0.357413013191,0.0,0.0664152028658,0.0,0.0266412485655,0.022439454458,0.0,0.0172276445308,0.0127484423068,0.0126287624055,0.0,0.0129156629766,0.0470809199421,0.0186160273235,0.00737166596376,0.0106235338365,0.0194253172455,0.00979247736603,0.0227253396161,0.0979941788634,0.0120432231001,0.0156667847231,0.00945401926621,0.00582883009859,0.0649198448801,0.0184562053818,0.0187343132933,0.00767154475521,0.0862204889264,0.0165211690449,0.114523783384,0.057033268104,0.0164852769812,0.0798779824198,0.059283824955,0.214846703569,0.072764610881,0.0273817388813,0.190526746365,0.0456260916182,0.0909954938178,0.0572451253491,0.129281764341,0.0669464407931,0.0238250038367,0.0344329401591,0.0423893027566,0.174398538483,0.0690871556172,0.123137467912,0.0628918869946,0.037317627607,0.0753785706946,0.0504295920761,0.151028772727,0.0441170540806,0.0445249420806,0.0526370338354,0.100713889032,0.14639801221,0.0738049843699,0.110803127645,0.0968524608598,0.0644803419498,0.0911318743319,0.0523102799691,0.0858915385335,0.069179715561,0.0679792530675,0.0588241051077,0.0689693753319,0.0778928605135,0.144781287133,0.0994508706684,0.0743523905046,0.0707435748376,0.0684367780772,0.102614325179,1.28127225348
0.0107984346543,0.0,0.0,0.0129132682698,0.0,0.0,0.0250917519659,0.0,0.0544697247964,0.0,0.0,0.357457464726,0.0,0.0796789404049,0.0,0.0382915746589,0.0214286029839,0.0,0.0228041462833,0.00787878940012,0.0041952625964,0.0,0.010369309801,0.0461807592643,0.036655350715,0.0222594487359,0.0189043981514,0.0369089549918,0.0152742068419,0.0197104935417,0.055988460717,0.0103740431607,0.0139443405058,0.0137720769115,0.0260359737605,0.104503332877,0.0340117424719,0.0301788786001,0.0289752724466,0.213772845911,0.0702630382655,0.0973130161716,0.0698890233855,0.0510471328146,0.0689874634496,0.04432654863,0.399317937643,0.0748336410755,0.0495559698967,0.122368583157,0.0244970360987,0.0840089472278,0.0385131728321,0.113812041201,0.0458600711946,0.0446534303891,0.0261936966011,0.0281655791393,0.103581188995,0.0747524788848,0.0324476414603,0.0507112821039,0.0392114648034,0.106949590733,0.0616796380597,0.146690900767,0.0865881950041,0.0788941922233,0.0442463258294,0.0655636029594,0.130713217777,0.0575025167395,0.0657904901263,0.122183820445,0.0550401223597,0.0706888073529,0.0483468755791,0.0828532026097,0.0561515550756,0.0678744441451,0.0631329412344,0.0587258951296,0.083984552821,0.0634986423677,0.0810674668773,0.0645264765408,0.065791342525,0.0514983651565,0.0683934417019,0.954575421454
0.0233844546405,0.0,0.0,0.0270245765211,0.0,0.0,0.0416016331217,0.0,0.0640585636725,0.0,0.0,0.371138624926,0.0,0.0714146060608,0.0,0.0312474531087,0.0126148035476,0.0,0.00770918088577,0.00897488974838,0.00811577608824,0.0,0.020068936011,0.0763081562968,0.0435921019912,0.0105392161877,0.00814143184259,0.0174065098244,0.0113476781282,0.0081394437431,0.0540678860344,0.00756595421758,0.0123536538252,0.0128119745785,0.0155978707209,0.102875364745,0.0218062021372,0.0214639997364,0.024217517363,0.173762822017,0.0504474110672,0.0413307476989,0.13446578392,0.0166910802152,0.0339891105541,0.0371201210837,0.195289355806,0.110463185843,0.0768144581534,0.121110744577,0.0196107037841,0.0432902300376,0.0127297675813,0.0698210134215,0.0631265363263,0.0326853934061,0.0425293372413,0.0283935526068,0.152539641296,0.0853268197989,0.0297998024524,0.0420511030643,0.0430546549486,0.0645983441662,0.0365347469684,0.160936628038,0.0723751282839,0.0776070469786,0.0559857958467,0.0724211805016,0.115608856665,0.0424761147793,0.0456307906979,0.114318288311,0.0575939593626,0.0701213076689,0.0469537264848,0.115467815319,0.0694284341907,0.0714581787588,0.0591511578336,0.0642980027722,0.0928361567534,0.0617053092226,0.087813107032,0.0611740160467,0.0668933233337,0.0433673527593,0.0580786548802,0.972536623136
0.0130043776978,0.0,0.0,0.0208860592005,0.0,0.0,0.0294042314625,0.0,0.0554258654832,0.0,0.0,0.376710644769,0.0,0.0725827886633,0.0,0.0373840482667,0.0276292490014,0.0,0.0162786755514,0.0224949569804,0.0178166883974,0.0,0.0228176948889,0.0818919325884,0.0409725344461,0.0159407850643,0.0119826803957,0.0122793041598,0.00875870143021,0.012331349925,0.0889443943152,0.022055469318,0.0249423236924,0.00677067764705,0.0108902307368,0.102076926095,0.028834032759,0.0231984072678,0.0170840430486,0.18247466023,0.0410037482707,0.0445098007135,0.148728308122,0.00714333341895,0.0170992853682,0.032843877073,0.201722335174,0.146479591015,0.0629781623954,0.190051764013,0.0155772380128,0.0408187868821,0.0189634052914,0.0757887948784,0.0331687781279,0.0200676961726,0.0357245555424,0.0174275990496,0.095452758601,0.0562344402804,0.0349222663583,0.0356427883481,0.0425805478301,0.108020778131,0.0567590244667,0.161243968755,0.051156423866,0.0647191803661,0.0402575323451,0.0700202969884,0.12364543095,0.0397377305164,0.0311689235758,0.106636253015,0.054071492814,0.0924362812652,0.045250237327,0.0911214349371,0.060157184103,0.07622504705,0.0625291691001,0.072990125113,0.0897968346526,0.0574424824839,0.075694418947,0.0590156582954,0.0589038769244,0.0439368121786,0.0706971282139,1.01148956334
0.016589631428,0.0,0.0,0.0128732643204,0.0,0.0,0.0290875372678,0.0,0.0531112416474,0.0,0.0,0.361213559269,0.0,0.0782327300788,0.0,0.0447271685093,0.0370100192609,0.0,0.033706891969,0.0205058954381,0.0273232503697,0.0,0.0350264883969,0.0837482655633,0.0302302490157,0.00906194157052,0.00609308202391,0.0182979681345,0.0119714153341,0.0230003839977,0.107583771896,0.0153668546139,0.0181764017472,0.0165960786216,0.0229020659743,0.114580370858,0.0342442438159,0.0147485060481,0.0099598086281,0.274832633957,0.0438572777313,0.0275299715752,0.199489267291,0.0283944527845,0.0181851706779,0.0463635796092,0.221314490168,0.120556021198,0.0248895045835,0.0593561827611,0.0254742968366,0.0316432198357,0.0201722504288,0.0574852287173,0.0206288652016,0.0204068857902,0.0286969127481,0.0196378370134,0.14224300329,0.0401355916332,0.0157808350757,0.0408726300253,0.0221032687839,0.118995869423,0.0423574405401,0.175731127,0.0546450186126,0.0453442241024,0.0428143795043,0.0439353859084,0.116821565391,0.0481103813698,0.0397209274274,0.139778087725,0.0391642370385,0.090193547026,0.0359687458592,0.0917460970536,0.0508208606808,0.0544679986538,0.0610348294645,0.0702534759318,0.0802927346214,0.0682394927391,0.0618441262026,0.0501291399307,0.0505019068373,0.0412225232449,0.0554567359153,0.902524024656
0.0167117486676,0.0,0.0,0.0225206667168,0.0,0.0,0.0280293711236,0.0,0.0574553496973,0.0,0.0,0.374043749465,0.0,0.0857042967367,0.0,0.0307806874773,0.0239886589465,0.0,0.0183110289013,0.0140132271941,0.0168540237776,0.0,0.0245395465463,0.0779852261341,0.0354711561716,0.012001831607,0.0104648943421,0.0145649880547,0.00205608078281,0.0153599274457,0.081887890185,0.0182731132321,0.0221188115713,0.00869390085036,0.0189962263702,0.0900343392736,0.0192018676014,0.0132204116983,0.0102187673668,0.122852638633,0.0196900401566,0.0249051437194,0.173130253192,0.0230393278821,0.0419933932968,0.0523859712201,0.22147904462,0.0835972482673,0.0244196018034,0.0638747676016,0.0132825182245,0.0367685097745,0.0175503043681,0.0676601286094,0.0559529278634,0.0279200457009,0.0385969461053,0.03360225677,0.10631465709,0.0400532831118,0.0185491084962,0.0266130105879,0.0234465530559,0.0612320596691,0.0521753178959,0.115273534102,0.0449349034705,0.0467787716787,0.0520644217227,0.0540153228734,0.109975623633,0.0413175069456,0.0362220551094,0.134459104422,0.0346623003013,0.0710825235282,0.0317887701416,0.0805845072305,0.0461651345014,0.0450756227987,0.0607914990554,0.0665278327352,0.0891023395361,0.05428869938,0.0778801002628,0.0414468989018,0.0466801138772,0.0417688323684,0.0502119085596,0.75938913014
0.0153284007667,0.0,0.0,0.020105371648,0.0,0.0,0.0281653495711,0.0,0.0470520958612,0.0,0.0,0.389392816997,0.0,0.0779336179521,0.0,0.0317066926108,0.0204063259809,0.0,0.0165021227979,0.0119739800524,0.010903671489,0.0,0.0130207312167,0.0586053194741,0.0250943457331,0.0102602538553,0.00621523949678,0.0113463746481,0.00368764676968,0.00668045756308,0.105109299287,0.0199422392828,0.0305992731146,0.0126595872777,0.012502064382,0.0557459929163,0.0202215622548,0.0136616510438,0.0192268323303,0.177832211717,0.034810731972,0.0272799561343,0.138543641725,0.0221062565541,0.0264072490822,0.0232424213225,0.150227002342,0.107384412554,0.0115042096042,0.0493482076672,0.0118569084617,0.0335823468964,0.0127087644233,0.0718286170736,0.0392610403069,0.0270320858792,0.0368715124438,0.0273028985625,0.124116847301,0.0451896128943,0.0148974595691,0.0320476092823,0.0343192415327,0.0811661428578,0.0487145608842,0.119304319137,0.0432414698171,0.0411353535333,0.0430233836458,0.049696424103,0.105509278785,0.0385650457997,0.0272570922584,0.166006719707,0.0380336220192,0.0792158332808,0.0261561433283,0.0682029602811,0.0403005874634,0.0499446902103,0.0683265806358,0.0715034654445,0.0885605972081,0.0593799752833,0.0639268001154,0.0449886426998,0.0554022641831,0.0369782855941,0.0490625861903,0.638441014966
0.0102201999813,0.0,0.0,0.0169440335498,0.0,0.0,0.0249655956336,0.0,0.0505661408712,0.0,0.0,0.376227500286,0.0,0.069311994784,0.0,0.032728147562,0.0224968053127,0.0,0.0155288042457,0.0112187878254,0.00674773936141,0.0,0.00151157851235,0.0362873904862,0.0328059346902,0.0200410051924,0.0153535160749,0.035303924402,0.018407214387,0.0233920923902,0.121162622465,0.017367134778,0.0187057849306,0.00750013962738,0.0170242064052,0.0925335524056,0.0198461280975,0.00926923860085,0.0148545946448,0.133428252075,0.00647423364936,0.0139861113529,0.0376629132483,0.0135602932532,0.0250955740037,0.0331197026974,0.16578700613,0.0449176776841,0.0321433832182,0.0936979387471,0.0247565735385,0.0272784291918,0.00720052086612,0.0723727749578,0.0435348928862,0.0270855721081,0.0328206429496,0.00966291603725,0.0887502890962,0.0365745426878,0.0210736869773,0.0422687864791,0.0229256318593,0.0802589209335,0.0761344689264,0.125234752583,0.0505565594857,0.0422182321709,0.0289151614106,0.0276668979109,0.114356686947,0.0280498858456,0.0307785666549,0.148987865065,0.0378139422941,0.0628030944322,0.0318615883742,0.0722411405083,0.0319484021414,0.0531305035927,0.0626286499673,0.0605987236559,0.0604781701603,0.0575512843434,0.0502072932961,0.0351028948075,0.0373534260908,0.0295182028159,0.0383617301759,0.477281732221
0.0232571081661,0.0,0.0,0.0261973742172,0.0,0.0,0.0380886284244,0.0,0.06475143035,0.0,0.0,0.397891052566,0.0,0.0799737195898,0.0,0.0326447427128,0.0163090626974,0.0,0.0125731129574,0.00798956125795,0.0078533227204,0.0,0.00830909069039,0.0480730061859,0.0343696178069,0.0174078274838,0.0116969929313,0.0188290353935,0.0154241459953,0.021041533227,0.127625758929,0.0201783973635,0.0219703069116,0.0085704187376,0.0229900568452,0.0649902244215,0.0138928374562,0.00824889564067,0.00669489932839,0.0343731981087,0.00833067790423,0.0237414031663,0.0487592760284,0.0174547673697,0.0184192028338,0.0300774895305,0.125532038985,0.0496609380987,0.0261324556667,0.0955161402147,0.0162619026136,0.0216730766334,0.0136961744864,0.0487146455591,0.0397086377828,0.0208521154703,0.0146909906289,0.0130355550045,0.060127710208,0.0425285594974,0.0172047583994,0.0319082975515,0.0278889847267,0.0591249566617,0.0621692483121,0.169953016737,0.0442717854855,0.0457977886839,0.0395725026349,0.040766749661,0.122910332092,0.0313438016382,0.0357615784123,0.138466848125,0.0330080507434,0.0604580422421,0.036796766188,0.0432243712975,0.0346452912885,0.0487903653814,0.0596553446539,0.0617965422547,0.071689401008,0.0483744272837,0.0555093647805,0.0350650958729,0.0382719223854,0.0277947344662,0.0352110188176,0.241735343989
0.0160319064231,0.0,0.0,0.0188938533505,0.0,0.0,0.0302045567066,0.0,0.0567550606301,0.0,0.0,0.388003739266,0.0,0.0836340833541,0.0,0.039921764729,0.0222769025268,0.0,0.0173200517964,0.0185286487995,0.0120849528849,0.0,0.018037506205,0.0553412724493,0.0346948264262,0.0133201594825,0.010695327639,0.0211632335188,0.0117883359349,0.019301652115,0.127515839261,0.0241588584372,0.027481957178,0.0132595387193,0.0231669966999,0.0336357760891,0.00604630240941,0.00671807223761,0.00899904999703,0.10684887013,0.0212863030897,0.0182898608157,0.132599806498,0.00773492707256,0.0233242442444,0.0348899950144,0.205087435104,0.0594617231642,0.00859327274805,0.0391487109793,0.023779929212,0.0319977148966,0.0198376422354,0.0454974020958,0.0397656504668,0.0195793532054,0.0206564480963,0.0115224410289,0.0828748643462,0.0479769325638,0.0222316480513,0.0299589456961,0.0311057654634,0.0483515249427,0.0421908012284,0.111407090584,0.0523076213971,0.0353507404276,0.0303437862642,0.0336375379543,0.113988685366,0.0340416328396,0.0288287104102,0.140626148517,0.0473987137372,0.0748648177054,0.026793367351,0.0556433426206,0.0273606128449,0.035898655963,0.0552322249962,0.059607245546,0.0619019284587,0.043139085794,0.0562940172568,0.0385035231511,0.0325544501293,0.0383379074558,0.0339241843154,0.552192559067
0.0137700879902,0.0,0.0,0.0168250276958,0.0,0.0,0.024786961397,0.0,0.0482629519701,0.0,0.0,0.383397542976,0.0,0.0742570219544,0.0,0.0378020698028,0.0255933237972,0.0,0.0195535939445,0.020667516195,0.0214184869418,0.0,0.0254449403544,0.0723163063231,0.0201632275654,0.00610204112085,0.00491403628712,0.0197267636176,0.0125703895979,0.019739157259,0.100587244533,0.0162018805693,0.0129957794167,0.00727925672226,0.00903601798912,0.0145778841706,0.00228432994438,0.00636698974914,0.00820547239109,0.104897918851,0.00991535281549,0.0132586061743,0.0766186255811,0.0100886539716,0.0211123217713,0.0479097717741,0.295215574617,0.0575042470632,0.0355068750919,0.0440640708382,0.016385043812,0.0269869293713,0.0142276282121,0.0411028994077,0.021989719012,0.0147010754142,0.0235993201309,0.0125839215925,0.0629784738216,0.0359203533005,0.0200084950883,0.0268895711217,0.0160180691023,0.0321385031807,0.043662183984,0.144504699299,0.0303169579096,0.0332080326483,0.0254374767703,0.0310713957299,0.082274578437,0.0214298943105,0.0284733480958,0.0900508083029,0.0217672653152,0.0594486418111,0.0197131508244,0.048745290553,0.0215552933236,0.0387622127307,0.0435460506499,0.0436006583042,0.0520928298501,0.0448348699642,0.0325505288455,0.0278057425831,0.0276395595072,0.0230029596827,0.0277942411669,0.193190664882
0.0183866003905,0.0,0.0,0.0244368675051,0.0,0.0,0.0314071484923,0.0,0.0512819010016,0.0,0.0,0.387607067267,0.0,0.0779506465238,0.0,0.035366164588,0.0268873430688,0.0,0.0214857713007,0.0174137057488,0.01738121544,0.0,0.0182391143981,0.0672321521194,0.0277443040804,0.0095467416923,0.00642948620086,0.00522767110927,0.00764778551625,0.0160913898717,0.125227577217,0.023888662431,0.0282784941452,0.0112899808196,0.0165689564283,0.0181916428433,0.0159104182966,0.0219386710788,0.0279767990567,0.0436428039869,0.00906661337931,0.0161636311105,0.0832102689215,0.00871379456959,0.0112655872292,0.0423576989087,0.236106805872,0.0717330184669,0.0123451046482,0.0433867799064,0.016774381713,0.0217235731694,0.0179140377525,0.0591945481458,0.0404875999841,0.0205294497515,0.0214855498207,0.0161498699082,0.0584260129622,0.0356022628329,0.0139947030318,0.0233994527963,0.0153679387753,0.0467118495342,0.0503664767197,0.104922957965,0.0381674788505,0.0352987036913,0.0399263304163,0.0390876745982,0.068935915199,0.0258755218113,0.0251282985343,0.120852944142,0.025437527064,0.0426207660657,0.0232090641014,0.0365096376136,0.0230527696323,0.0291351456746,0.0452273864442,0.0428500587839,0.0407330306852,0.0408586304752,0.0354529175668,0.0207599117665,0.0199521729194,0.0208521992481,0.0240575364142,0.124588448143
0.0184659215473,0.0,0.0,0.0226803250445,0.0,0.0,0.0310797486204,0.0,0.0617273331795,0.0,0.0,0.388621223664,0.0,0.0887085768279,0.0,0.0294599727019,0.0258314130737,0.0,0.0127282039478,0.0151618767138,0.0111067636797,0.0,0.0194523387633,0.0606724422112,0.0335362921,0.00841787789238,0.006683935825,0.0079206479378,0.00495487658266,0.0170464507505,0.1280822331,0.0224090787446,0.029211333556,0.0101750470366,0.0172825365109,0.0248049755993,0.0137603491327,0.0104330103744,0.0115862848967,0.081258213562,0.00748822411683,0.0203879401272,0.0795024363611,0.00992026322176,0.0156859941732,0.0281077939746,0.152682175943,0.0411558633772,0.0216081500383,0.0471632456815,0.0109833642325,0.0204053985121,0.0101286138698,0.0756681440419,0.0224195828068,0.0219084812223,0.0191733630371,0.0167642535135,0.0788587220424,0.0305761312825,0.0229415087836,0.0259758684507,0.0241606760056,0.0545468364366,0.0533475367543,0.141647545733,0.0341021733684,0.0341629237607,0.0351125537784,0.0262424772879,0.0661299254042,0.0217939000808,0.0261953890053,0.113497355344,0.0197989975028,0.0429588034757,0.0204567907798,0.044388565301,0.0184280350206,0.0245305086254,0.0410654383052,0.0343917480411,0.0464785123236,0.0296033914287,0.031961832015,0.0207058097582,0.0257731995542,0.0180082272716,0.0236716918082,0.349715042862
0.0168471543442,0.0,0.0,0.0201059133538,0.0,0.0,0.0293452655672,0.0,0.0522222738789,0.0,0.0,0.402162997416,0.0,0.0787903626072,0.0,0.036952486389,0.0257794076271,0.0,0.0188458079449,0.0167576282982,0.00994406662823,0.0,0.00358362436989,0.0522762823178,0.0425492635636,0.0251287908408,0.0216069725842,0.0423694571619,0.021429209765,0.0256397424868,0.128949306839,0.0187309386077,0.0121181367424,0.00508611356765,0.00939578649664,0.0116894393766,0.00481408115948,0.0106245617792,0.0165446533157,0.061857358987,0.00890319613148,0.00916977426358,0.045511163497,0.00460009374324,0.0116943696024,0.0279866047549,0.106014177236,0.0401851777272,0.0238659885242,0.0500511066744,0.0102299853999,0.0122772369225,0.0125800979727,0.0589083970766,0.0204224780491,0.0169439528159,0.0183662777233,0.00629110424662,0.0456949552877,0.0212195473597,0.014726515218,0.0204828202116,0.0166602785637,0.0444106109678,0.0251913899975,0.102243338273,0.031496765778,0.0264789709699,0.0263578051924,0.0263705290216,0.0635322255803,0.0174680767836,0.0172418552927,0.100660671058,0.0208093692019,0.0447627729267,0.0192679597313,0.0470323713104,0.0196651465072,0.0244199334772,0.0355589843537,0.028714518028,0.0364962577019,0.0297333665073,0.0283270703594,0.0240128667636,0.0213250061729,0.0174946450897,0.019269448271,0.189033812059
0.0212503054516,0.0,0.0,0.025264202154,0.0,0.0,0.0337281398451,0.0,0.0614395157085,0.0,0.0,0.419133041172,0.0,0.0714310421866,0.0,0.0320520200542,0.0186846687765,0.0,0.0133086375885,0.00851075991957,0.00767214204905,0.0,0.0121755153579,0.0577140818839,0.033957376734,0.0192302854898,0.0150461947582,0.0304218254946,0.0178655772099,0.0262299018233,0.134939129502,0.0200947962248,0.0193712970326,0.00520840544032,0.0111551476121,0.0193466519315,0.00921352734747,0.00664160269672,0.0104968166267,0.0638150329591,0.00261996445417,0.00636133088625,0.0362316207008,0.00777830015929,0.00996782843286,0.0283773203157,0.0490551856431,0.0297165101824,0.0121166821438,0.046462755557,0.00915872846142,0.0160110003039,0.0065153575023,0.0501523720005,0.0239768461746,0.0139598488749,0.0134569673755,0.00706700911211,0.0471585334375,0.024900324356,0.0150006732945,0.0210803083263,0.0116365108827,0.0328345225175,0.0379404542462,0.111468263355,0.031314276923,0.0208179700216,0.0330783898773,0.0294976695093,0.0601604926593,0.0209571238112,0.0178468290674,0.107159768597,0.0219392017442,0.0373011425199,0.0145741491283,0.0321273470902,0.0170689895414,0.0217968007469,0.0357472829798,0.0307276578308,0.0293046417845,0.0253573846051,0.0238466072551,0.0200820731585,0.0168783271776,0.0131664110706,0.0185021822652,0.102325164401
0.0170801783786,0.0,0.0,0.0181353682522,0.0,0.0,0.0318701479347,0.0,0.0622941102969,0.0,0.0,0.403618370757,0.0,0.0904781901878,0.0,0.0427129233554,0.0230903943447,0.0,0.0220276154677,0.0182714982615,0.0156345894038,0.0,0.0185238052804,0.0616366409072,0.0324412290069,0.0173891217761,0.0125760895209,0.0147753232232,0.012211378036,0.016903279211,0.125573372403,0.0273485558638,0.0327498720537,0.0113764593036,0.0228366067351,0.0150418449596,0.0131140047777,0.0137922454773,0.0175367778654,0.050976074386,0.00862486768637,0.0175705832932,0.0260610169169,0.0183573605284,0.0210821133045,0.0451107524469,0.211076872506,0.0372445298573,0.0177762243394,0.0435448082988,0.0123598574139,0.00990444167502,0.00934774526677,0.0407085183576,0.0230003622192,0.0127434616064,0.0168572138247,0.0103879459105,0.0494766466515,0.0231533026471,0.0195933237466,0.0216633391686,0.0221023663513,0.0380249793703,0.0295814593636,0.105701055804,0.0364516059451,0.0186889338567,0.0260494173773,0.018701408067,0.0674356068244,0.0221039902195,0.0186603333576,0.0950712200782,0.0179608621998,0.0275510252595,0.0197028586263,0.023014048792,0.0193104176546,0.0223364688587,0.0295892976935,0.0240870879795,0.0253481875708,0.0225459363033,0.0272434696002,0.0199717572116,0.0161552048196,0.0152562791407,0.0216665150029,0.323259322101
0.0101652093692,0.0,0.0,0.0190713659471,0.0,0.0,0.0300510683883,0.0,0.0539494311246,0.0,0.0,0.403531459828,0.0,0.093723462375,0.0,0.0473636180802,0.0299568400435,0.0,0.0246122243361,0.0254063989562,0.024649295727,0.0,0.0261792704392,0.073084112168,0.0214726843248,0.00743596587282,0.00792373310573,0.0162790594834,0.0167163848559,0.0249337136652,0.129158723232,0.0213557751646,0.023653094034,0.00343012127482,0.00818994935972,0.0179171328028,0.0118791844726,0.010637572935,0.0125642427363,0.0548966744538,0.00363045912027,0.0213451991969,0.0144851543105,0.0137640406189,0.0138657296175,0.0452067924019,0.216307580838,0.0225044070246,0.00890303622028,0.0527140475176,0.0202803795976,0.0181450484457,0.0175832988492,0.0529781528403,0.0156331422646,0.00934625742706,0.0135861494982,0.0105804812639,0.0678545515533,0.0231493485119,0.0136717756097,0.0179383636924,0.010675132167,0.0304831245623,0.0231460976042,0.0877388522965,0.0219701470785,0.0217980394897,0.0215242537738,0.0211549188495,0.062726337633,0.013198797882,0.0173438340826,0.0851370664998,0.0207921426422,0.0381417449155,0.0126601434795,0.0282935765651,0.0148057975666,0.0178660606774,0.0266574252419,0.0226593483114,0.0231233947656,0.0194146874399,0.0213884494594,0.0125982370319,0.0143909301818,0.0120134530666,0.0150566853899,0.0829712160471
0.0168707984337,0.0,0.0,0.0220989902159,0.0,0.0,0.0310703501917,0.0,0.0576380180764,0.0,0.0,0.415046782413,0.0,0.0768252390934,0.0,0.0356661031772,0.0249989749271,0.0,0.0191079230358,0.0168924683852,0.0170925607652,0.0,0.0223729531871,0.0706077195366,0.0242778992126,0.00732451933809,0.00506287564666,0.0121645734916,0.0108097785624,0.0203766246634,0.134169390322,0.023825572048,0.0288141542538,0.00680266364395,0.0136357926193,0.0210411519815,0.0134700128726,0.0102263371034,0.0136056308064,0.0517052582936,0.00418659410446,0.0140382445031,0.0236363701673,0.00263489751501,0.0072911639299,0.0313880328574,0.185173981482,0.0205687912795,0.0105377793154,0.0539145567362,0.0149483400673,0.016311673918,0.0124479617384,0.0643585533494,0.016846184119,0.0147159115958,0.0146386058684,0.0067306200727,0.0344377110773,0.0234927975459,0.0113181292691,0.0118755540459,0.0128349390061,0.0217321510668,0.0227499424424,0.056837098874,0.0287567570419,0.0218732372013,0.0252457571696,0.021185248192,0.0450298803705,0.018952501371,0.0183717467598,0.0695816770245,0.0175615120139,0.0326263822053,0.019149894759,0.0276578529204,0.0122759467588,0.0184829798117,0.0246877797555,0.0215721506686,0.022985905071,0.0187905088655,0.0178991868216,0.0153199427923,0.0132159460327,0.0136536846101,0.0161464396093,0.253957640899
0.02070619835,0.0,0.0,0.0285679461087,0.0,0.0,0.0378231821417,0.0,0.0647836080617,0.0,0.0,0.419888440402,0.0,0.0776674320863,0.0,0.039181903059,0.0276562929266,0.0,0.0199463101099,0.0133275783535,0.012651308573,0.0,0.0184306096536,0.0668539547581,0.029421265042,0.0114850378009,0.00627795917298,0.00378618321074,0.00540397625306,0.0140617565314,0.134594762355,0.0285983068733,0.0378349370953,0.00967616155323,0.0177327432496,0.02177359344,0.0169892205688,0.0113730524471,0.0119518555588,0.0552614587227,0.0134483733456,0.0118146583416,0.0249280673889,0.015523349929,0.0187197642659,0.0442048812503,0.222502500482,0.0210674091136,0.0129112925018,0.0322410399277,0.00582244729557,0.0135732431099,0.0118807074706,0.0559019205957,0.0117042862623,0.0138344143092,0.012398951141,0.0112854743177,0.0349167547474,0.0191715419124,0.0078265491186,0.0178886686156,0.00800818276808,0.0213974595499,0.0155935010491,0.0514755717363,0.0268286523423,0.0196282931626,0.0109134883185,0.0149843695978,0.045556958705,0.0118242426004,0.015154833303,0.0587885266212,0.0139512724009,0.023443354791,0.0132961503608,0.023959320231,0.0125179236028,0.0175323746024,0.022025551064,0.0197811380995,0.0258884927333,0.0200302523426,0.0194985610591,0.0157710585468,0.0115874574593,0.0127561905864,0.0134726922097,0.246398723009
0.0180772983606,0.0,0.0,0.020041106604,0.0,0.0,0.0344923318264,0.0,0.0644027789782,0.0,0.0,0.394749847671,0.0,0.0934338643311,0.0,0.026352688451,0.0307501838886,0.0,0.0121980760296,0.0147856315455,0.0102993550471,0.0,0.0106993989372,0.0437355701637,0.0426855625436,0.0212921307167,0.0222723490419,0.0356127114068,0.0187437661785,0.0266931946549,0.133578254238,0.0179033248598,0.0230492398915,0.00632919789565,0.0151719586206,0.0227606870948,0.0149005658674,0.0388912099579,0.117503822049,0.178126205446,0.058912691373,0.0189694664639,0.0370431906743,0.0092063844701,0.0149351907899,0.0338594083878,0.18176477179,0.0344123881823,0.0129898890488,0.0234122148045,0.0199918883859,0.0403852810922,0.0192979469077,0.0517631323973,0.024435637364,0.0152267606773,0.0199620423445,0.00889054475258,0.0309899335199,0.030884534858,0.0148352727742,0.01677413991,0.0186122208499,0.0313631056429,0.0254484870802,0.0331118045105,0.0203750934836,0.0170056330829,0.0185899613964,0.0231271685226,0.0505777353051,0.0183116807634,0.0231114693492,0.0516023814548,0.0186593193334,0.0217553886257,0.0204157450841,0.0460504467296,0.110467302227,0.192108218362,0.152484001133,0.137887296446,0.158783608254,0.103839703288,0.0506006023916,0.0307297482621,0.0249558993135,0.0239055003231,0.0382135635629,1.08168945057
0.0194760948245,0.0,0.0,0.0245348697484,0.0,0.0,0.0303686798203,0.0,0.0544175899857,0.0,0.0,0.385681917679,0.0,0.0697845494239,0.0,0.0301919386055,0.0188703221956,0.0,0.00887339512733,0.0109873611461,0.00797425868511,0.0,0.00888315488107,0.0500116916298,0.0356670322276,0.0200111354782,0.0139644471359,0.0279901645672,0.0156978270594,0.0215747734808,0.125570492476,0.019916965826,0.021492748009,0.00531284481059,0.00846298005215,0.0134825914744,0.00375049937892,0.00807424156526,0.0176629815946,0.18748645685,0.0599862405127,0.0112245411599,0.0264091054735,0.0073491575692,0.00491837886919,0.0293627947876,0.204607127165,0.0245235983549,0.0114230832878,0.0180716133006,0.00726569671066,0.0278023709958,0.0185346437487,0.0667072609029,0.00729037234567,0.0113895623318,0.00916773895919,0.0118852429697,0.0436180656427,0.0220090445182,0.00671838901457,0.009843430875,0.0104748887839,0.0346038644066,0.0268538782523,0.0625853041454,0.0224269926468,0.0282001338921,0.0136309006943,0.0174253203674,0.04539891407,0.0179188431826,0.0186581285856,0.0509669390524,0.0286078781358,0.0557357595036,0.0388733523421,0.0643269381245,0.0846584473514,0.101088089808,0.0661308327785,0.10021663984,0.0833126654097,0.0363934880158,0.0298012933249,0.0243260762726,0.0275320823342,0.0228699219227,0.0314295344607,0.974662268837
0.0141413429027,0.0,0.0,0.0174442242446,0.0,0.0,0.0274901671364,0.0,0.0500487396095,0.0,0.0,0.393113903853,0.0,0.0742489989351,0.0,0.0332053807404,0.0212939224238,0.0,0.0170110571061,0.01224238068,0.0121958010508,0.0,0.0145944705837,0.061642514987,0.0295678081107,0.0121541464831,0.0100480619566,0.0177476746426,0.0107281285258,0.0176488097328,0.122520809809,0.0246292098776,0.0273753274445,0.00620718266098,0.0187258612481,0.0163183823301,0.00623382641229,0.0126433952796,0.0445294555433,0.153353205944,0.034547987807,0.0228101615109,0.0160872621701,0.0140359783707,0.0158337783866,0.0367319986967,0.172202830562,0.0366375797634,0.0220380913109,0.0310996970424,0.0173549445509,0.0211202061048,0.0219942741161,0.0690640337097,0.0138541418107,0.0165126002357,0.0218586224208,0.0141437406359,0.0865272134629,0.0196049671608,0.0184754833603,0.0180353654021,0.0278605424338,0.0571163473336,0.0302047646821,0.0878743270532,0.0374872973536,0.0451389548206,0.0241432221081,0.0230816618737,0.0777872052768,0.0448466209727,0.0735544479672,0.0857802868497,0.0602744479983,0.0690493329405,0.0504524529664,0.0417009665549,0.0436782301646,0.0569467038184,0.0459442504825,0.051630127727,0.0922675919848,0.0911776977155,0.0420094222278,0.0399380647892,0.036405928399,0.0294611494275,0.0438437836141,1.00958217781
0.0145954505073,0.0,0.0,0.0174979581393,0.0,0.0,0.0305907116236,0.0,0.0562515986669,0.0,0.0,0.390446848499,0.0,0.092920481399,0.0,0.0406155009529,0.0261904402324,0.0,0.0234725186154,0.0218711436348,0.0223291020664,0.0,0.0291848485867,0.0665185320062,0.0237570126508,0.00521955924298,0.00902909571518,0.0160203230761,0.0175454844293,0.0221188685739,0.131674198737,0.014726806868,0.0125890145887,0.00739592947916,0.0102049029157,0.0145373801961,0.004244092039,0.0187245805593,0.0684712224683,0.209041246529,0.0443306123671,0.0195608169965,0.0219261580282,0.0114852659055,0.0107560848149,0.0309297754034,0.113807830866,0.0233017948339,0.0178690728393,0.0330112335357,0.0181080710325,0.0355710057328,0.013965471826,0.0556101067778,0.00857476125979,0.0196322368345,0.0272519801746,0.0358498521055,0.0895824867281,0.0310484154637,0.0211456114883,0.0358375905402,0.0554925486165,0.101568632317,0.0623100905187,0.0717486840843,0.0496319806288,0.066507694246,0.0221826256258,0.0319395054218,0.061637946056,0.038222130827,0.053034341013,0.0701970440019,0.141854396922,0.158852394413,0.106097264506,0.089367823272,0.112736564233,0.0738115239166,0.0963380377538,0.0988647786207,0.148198518535,0.244487864696,0.107945532361,0.0757104444715,0.0667919407796,0.0474253050766,0.132818458733,1.95968143812
0.00563252715002,0.0,0.0,0.0134263886651,0.0,0.0,0.0221970719143,0.0,0.0386544362442,0.0,0.0,0.390615119235,0.0,0.0775498314751,0.0,0.0245812174975,0.0156243667468,0.0,0.00943016927777,0.0162421126117,0.0362314143726,0.0,0.0525321321562,0.0952707894912,0.0111288801668,0.00286479224284,0.00552588336668,0.0129734779762,0.0244443409492,0.025302472683,0.113783189858,0.014499816098,0.03718923732,0.0213366669654,0.0554323788824,0.0406547979812,0.0211533310538,0.0228308612749,0.0305810942422,0.146340108188,0.0659035499452,0.0538048176592,0.0241749734335,0.0176729407302,0.0331047794634,0.0286007572805,0.140990072917,0.0312997930385,0.0476456981118,0.0268179835377,0.0400814368273,0.0304898653644,0.0250203323107,0.0754343758942,0.0230454153331,0.0132454200318,0.0183020904951,0.0760924851054,0.149177874721,0.0378883909176,0.112213449425,0.0334244176783,0.0436627523247,0.0746013568518,0.0588812559377,0.0602016340536,0.0360895897123,0.0559668580921,0.0336416726223,0.0438120374863,0.0592040482159,0.0602812861033,0.0716098357567,0.108442857122,0.135356168093,0.164361249431,0.0571778021439,0.0815380262543,0.0579432772054,0.0738630038182,0.0608626660091,0.0922584631736,0.11569316357,0.221081619413,0.0889674926473,0.0705938005631,0.0572037061034,0.0415796170035,0.0788486950022,1.50592992425
0.021063577525,0.0,0.0,0.0293308855116,0.0,0.0,0.0485971431125,0.0,0.134474428403,0.0,0.0,0.326197168252,0.0,0.0756364888146,0.0,0.0509594752853,0.0397781018208,0.0,0.0368801105718,0.0323876190967,0.0514098934954,0.0,0.118588710247,0.0799406973239,0.0203364472482,0.0114261243673,0.00332086249376,0.00471889004052,0.00656658837389,0.0399341984157,0.0205643847885,0.00741541924116,0.0145631362958,0.00811476493505,0.122434619601,0.0167842764218,0.00848063992088,0.00930705899741,0.0612955099926,0.0287249312799,0.0167440035694,0.0767885958596,0.0136991971648,0.010997993861,0.0322217581177,0.0361503474138,0.293974612477,0.0596657946753,0.0557000999816,0.033460039949,0.0539669482007,0.0210267642329,0.0165395770793,0.080053651145,0.0189269362932,0.0156868926484,0.021575241836,0.0643091760966,0.149055306611,0.0212889311026,0.120218647973,0.0429805447402,0.0406370267514,0.0649360686974,0.0303795732019,0.0897668831249,0.0557493286313,0.0392477619318,0.027922564195,0.0705527496709,0.0535834103013,0.0413574715661,0.100000064946,0.0692072595682,0.128682834859,0.148576867195,0.0645911041599,0.0833790793248,0.0688948617395,0.101134756862,0.0679128220514,0.069371042676,0.132936168313,0.210567639386,0.116597233686,0.0855294979128,0.0728881165249,0.0603915403899,0.0865457384895,2.02105197649
0.0310087384254,0.0,0.0,0.0398136180372,0.0,0.0,0.0540012323801,0.0,0.127478573034,0.0,0.0,0.292051336425,0.0,0.0555648732554,0.0,0.0290081044655,0.0161775940138,0.0,0.0133254677829,0.0119198132472,0.0272668556013,0.0,0.111662259374,0.0892303700565,0.0367469628025,0.0292217007887,0.0168159301021,0.0263424432682,0.00328002179606,0.0778912999014,0.0141557082076,0.0022496344504,0.00809066987374,0.0109367491972,0.183176391398,0.0389066036274,0.0343454657551,0.024982750468,0.0389086716521,0.0322571827713,0.0128762383642,0.0942987311592,0.0402892967813,0.0366001640756,0.0203835935209,0.0567921914467,0.285021512356,0.0651334345567,0.0513889339409,0.020390970621,0.0680174263352,0.0158051312389,0.0218166022945,0.0698289418697,0.0284327272627,0.0206027434799,0.0332578461532,0.0642473984495,0.121330085971,0.0386875029001,0.110219235264,0.037481747171,0.0507922114587,0.0543124738543,0.0361598764342,0.142280167484,0.0632709144954,0.0364488121814,0.0213473416997,0.0757753203404,0.0543761491808,0.0434278265216,0.098522685905,0.0673031721112,0.138843002634,0.143362170134,0.0602761172494,0.0985230762905,0.0738672517809,0.0916392104307,0.0777589429717,0.0764612276828,0.143800499865,0.201051439195,0.104733660154,0.0813906589124,0.0646561808498,0.0613662812809,0.094206894797,1.81857836309
0.0184387957841,0.0,0.0,0.0277930950875,0.0,0.0,0.0469148554553,0.0,0.114063162317,0.0,0.0,0.320727205025,0.0,0.063914298063,0.0,0.0382538556191,0.0248987745326,0.0,0.0140802661746,0.0107881921627,0.0174275892817,0.0,0.0956906237724,0.100062703414,0.0457140906403,0.0312539962968,0.0283052096835,0.0491291388153,0.0227586053122,0.0633687137393,0.0170903388016,0.00734590121288,0.0169584104444,0.0150518337007,0.14011105165,0.0392156869343,0.0240318691661,0.0232457516237,0.0686273434417,0.0398599374536,0.0145183303304,0.15253470418,0.0381282372802,0.0245723468983,0.0400570600371,0.0293927434068,0.166258776186,0.0324716225642,0.0665131585256,0.0183365033546,0.0712940418239,0.0239660052579,0.0337479105561,0.180849165324,0.0376824448297,0.0238307035219,0.0328765450523,0.0860218898361,0.103925991973,0.0319491222636,0.153105546896,0.0368617101011,0.057030420306,0.0604048696668,0.042249846604,0.102624823304,0.0750830383968,0.032001428803,0.029991592833,0.0986396695506,0.058762818268,0.0388839011738,0.10580530882,0.0856797679564,0.154383414448,0.176060639742,0.0750494973991,0.0959718266655,0.0722079349698,0.104033236466,0.0939036521358,0.0825277647605,0.157391710851,0.224301877956,0.102738111818,0.0830854428335,0.0820730613797,0.066887565206,0.0948945956791,2.0950679214
0.0304174719108,0.0,0.0,0.0380092248244,0.0,0.0,0.0598136357015,0.0,0.137408380228,0.0,0.0,0.305271450028,0.0,0.072387021087,0.0,0.0403322956197,0.0308596941678,0.0,0.0271231252812,0.0253035557105,0.035495129036,0.0,0.0992636898335,0.0608485233528,0.0202363105473,0.0151431163473,0.00789023632925,0.0139523820815,0.00674038972675,0.039852805904,0.0316313974068,0.00658631048837,0.0152234908369,0.0134482584034,0.0591516608662,0.00604375425045,0.00498006877657,0.00599854157366,0.0484344010663,0.0258393163708,0.0170891059647,0.0761102075164,0.0207665603018,0.0129555041636,0.0345115414554,0.0268817988714,0.190488395176,0.051328015452,0.0269104383428,0.0295645071121,0.0455677478375,0.0140667433156,0.0449258938408,0.138010946684,0.0472496219517,0.0245316942537,0.0209080848775,0.0690377183338,0.128447653724,0.033786651156,0.132014886766,0.0404195398829,0.0641121743176,0.0581428354335,0.0334915529496,0.120539129121,0.0757444475796,0.0306057291391,0.0278190598671,0.0797375145122,0.0607764974705,0.0552059061643,0.109515343203,0.0703442650023,0.136701210952,0.178111014488,0.0784453793952,0.0812019464541,0.0810141262765,0.0916558712732,0.0995814501415,0.0726033303492,0.157257163187,0.246066715428,0.130483561706,0.0812696980747,0.0813378197445,0.0657992082186,0.0932276526951,1.83892815315
0.0169181437813,0.0,0.0,0.0269675742301,0.0,0.0,0.0456272520972,0.0,0.126383283718,0.0,0.0,0.30521270699,0.0,0.0747438514758,0.0,0.0465068187548,0.0337445256452,0.0,0.0280748169537,0.0289861932061,0.0361397169596,0.0,0.0903119016628,0.0502865737361,0.0175210573325,0.0140052407658,0.0107889188792,0.0189710422763,0.0130421878574,0.033873845499,0.0103164795332,0.00621403045653,0.00819327568999,0.00635168323386,0.0364439910628,0.012145615835,0.00996178096949,0.00648686559569,0.0438851808643,0.0361228853371,0.0199668324147,0.0385757364823,0.00849818224469,0.00709599141724,0.0301541293456,0.0159246328527,0.153759056692,0.029843749384,0.0598179352605,0.0144883145408,0.0438343486361,0.0122700242055,0.0129120816274,0.153691726137,0.0310400165104,0.0264518588039,0.0275950861577,0.0956003428961,0.137700833366,0.0275948525448,0.0926848885248,0.0262129818414,0.0355749035408,0.0439150272396,0.0273258644744,0.16513115174,0.106094577096,0.0394183904624,0.029702746986,0.0587173021997,0.0447747419006,0.0423374764202,0.113201878941,0.103488542562,0.155116635108,0.150557858545,0.0713072453954,0.0683182745992,0.067593877496,0.10708758566,0.103380594071,0.0965036120619,0.142693496873,0.248218857707,0.100321241015,0.0669725659173,0.0748616399347,0.0789099003594,0.0799185562101,2.0780910065
0.0285883679609,0.0,0.0,0.0395290243523,0.0,0.0,0.0605241741744,0.0,0.123946102031,0.0,0.0,0.294419420886,0.0,0.0604459112515,0.0,0.036517381214,0.0204435414474,0.0,0.0145901544728,0.0121202070521,0.0118907967064,0.0,0.0437827191324,0.0525435525479,0.0244756698839,0.0194015680104,0.0136777418939,0.0285009651083,0.012587971847,0.0478084458185,0.0224452700728,0.00531611115606,0.010101951384,0.00675267886798,0.0495396900066,0.00983722925411,0.00846764807798,0.00807528418541,0.0892244369711,0.0308872959067,0.0234456064245,0.111326978852,0.0283471690365,0.0181481606234,0.0370582995626,0.0246637590586,0.163987345762,0.0415220425781,0.0475727895849,0.0206847351694,0.0462602217846,0.0126944642577,0.0285476709104,0.065070778716,0.0301433433354,0.0148672983594,0.0241727048806,0.0555611760828,0.131646706718,0.0294079368117,0.132612923662,0.024528732341,0.0488772909552,0.0505388178868,0.0400656445187,0.0958155212555,0.0827585023582,0.0359220485575,0.0222983522399,0.0465212621454,0.0547141458109,0.0531063903837,0.108454904118,0.0841239989376,0.173311795565,0.147961495691,0.0786384147566,0.0672016205942,0.0795804478743,0.0846183023102,0.103497629183,0.0802562357285,0.140249338045,0.229116820609,0.100911529533,0.0733027821813,0.0704370872677,0.0594351809858,0.0789464417453,1.72655463112
0.029014028644,0.0,0.0,0.0372744727495,0.0,0.0,0.0565574431822,0.0,0.13741582732,0.0,0.0,0.310514574052,0.0,0.0700743055937,0.0,0.0405037769004,0.0307088013652,0.0,0.0170463307852,0.016303686067,0.0187680805622,0.0,0.0535126776171,0.0290792792478,0.0150838881874,0.0102211375075,0.00857460757679,0.0192919585139,0.00501623899776,0.0503407299768,0.0128602992938,0.00510681914978,0.00964825568005,0.00614125846389,0.056536401913,0.0114492248518,0.00400504830752,0.0116250642444,0.061050954063,0.0454622231821,0.0257411059963,0.0526596279745,0.0794710957111,0.0499606158298,0.0347111418306,0.015533977712,0.178492581286,0.0276838145556,0.047092055782,0.020894853046,0.0303669053959,0.0159676716805,0.021994023379,0.176677761447,0.0285055348185,0.0317911162849,0.0246392504328,0.0767320603401,0.0485989428221,0.0248401785695,0.0401044516546,0.0438051880075,0.0443203411565,0.0378544900209,0.031438678022,0.16677999217,0.0803820462229,0.0330455952368,0.0390554180718,0.0438941279928,0.0515048855776,0.0352877420518,0.0578267340647,0.0605191426983,0.113589640426,0.0995347081823,0.0860734445866,0.0661164121672,0.0746720443325,0.0485177333529,0.114660393572,0.0847034306086,0.122622149623,0.172662904594,0.173176031312,0.0993859859226,0.112529135717,0.118579773398,0.10836857455,4.9302187481
0.0198864997811,0.0,0.0,0.0287043768631,0.0,0.0,0.0481131777865,0.0,0.124056769624,0.0,0.0,0.312206658457,0.0,0.0757779537707,0.0,0.0465095094734,0.0367804836599,0.0,0.0301551932519,0.0276261963702,0.0302662622076,0.0,0.0617603720905,0.0161907186845,0.0019881554985,0.00190950254561,0.00586296107664,0.0100572207661,0.00283253953762,0.0977480164407,0.0184486873742,0.00820261270603,0.0160238715279,0.0100424653492,0.028815745075,0.00940187745538,0.00514565339321,0.0077270722427,0.052025372616,0.015428753561,0.0230141516644,0.0677350955685,0.137059899893,0.0115074156497,0.0260041245149,0.0456009645348,0.239840095337,0.0347936905041,0.0360501881372,0.0136562118445,0.0252340334172,0.0176644161537,0.0163058477527,0.0983632242267,0.0955581776021,0.0358094640289,0.0293665102835,0.0739079169669,0.0639952794569,0.0182055674756,0.0449482965252,0.0727031103417,0.0344849473415,0.0277540578063,0.034117688477,0.149583063434,0.0814404268775,0.027042833745,0.0195288170078,0.0362225667838,0.0529278569282,0.0342174393483,0.0662953523603,0.0935324679623,0.0773490652768,0.0867308905797,0.0919227132846,0.0623415398948,0.0921033628261,0.05555811121,0.138170770549,0.0685624977911,0.135474997363,0.165060154621,0.141903921805,0.0716459808925,0.064769142962,0.0605088435829,0.108667677447,2.34953871747
0.0301890779067,0.0,0.0,0.0424295162618,0.0,0.0,0.0578267314956,0.0,0.121807470225,0.0,0.0,0.293745047733,0.0,0.0717938107709,0.0,0.0338646803929,0.0173612147594,0.0,0.0131348511961,0.0160305229595,0.0128680894048,0.0,0.0447389309397,0.0338819345279,0.021444211111,0.0171737181255,0.0164915316343,0.0244574291661,0.0141985502548,0.0916075340114,0.0101164674313,0.00423328735789,0.00496039464039,0.00243391767826,0.0241601352291,0.00755753049121,0.00953126559302,0.0175435320661,0.0572726862287,0.0326000794758,0.0143940252412,0.0460726545188,0.0223160245638,0.0639020183174,0.229805214474,0.0831351750446,0.34045854881,0.0429627569945,0.0318281038745,0.0103296186451,0.0402518832441,0.0109894654936,0.0257495732934,0.117839123012,0.0325137991315,0.0327937416487,0.0918570650475,0.059096368501,0.0350121788634,0.0147357668038,0.0487045439636,0.0343721537009,0.0413028253493,0.085204472684,0.0164101562915,0.0865045568337,0.0507733477787,0.0294994012905,0.0252659237445,0.0344676732061,0.0246281851469,0.0270070367686,0.0399797369305,0.0364522779038,0.0642738057117,0.0691159752831,0.0690745132079,0.101377610356,0.119677969169,0.131457011211,0.204087564138,0.133841268874,0.213684821572,0.167606773654,0.157978775752,0.109563743245,0.0974064213804,0.0809676371616,0.131742622934,2.27813541976
0.0199261429906,0.0,0.0,0.0438180273959,0.0,0.0,0.0994927680845,0.0,0.239617303797,0.0,0.0,0.197332034124,0.0,0.0396345279073,0.0,0.0299231623176,0.0177180199555,0.0,0.0245871523051,0.0292737258159,0.0169459399378,0.0,0.0459502806098,0.0357128675497,0.0367061286389,0.0725736462012,0.0812765721119,0.0597283609233,0.0443699855313,0.0463327508647,0.0314347983279,0.0183002117138,0.0212548968891,0.0171413392932,0.132067145844,0.0472683793122,0.024393741563,0.0531981414633,0.0560380329391,0.0510989019788,0.00978401665835,0.11890355782,0.188898153553,0.0929686952179,0.129354116448,0.0272400664877,0.115103589568,0.0319000306354,0.0264499694135,0.0605903363575,0.0262798242935,0.0191333226591,0.017031311369,0.144388398332,0.123703630704,0.0249055069042,0.0551259187162,0.0617884205965,0.0918767878955,0.0345470409752,0.0624736903204,0.119714994235,0.0561108220844,0.0726761832907,0.0368104707246,0.119791161579,0.0796967394578,0.03914447947,0.0716804099576,0.0485880236119,0.0475414908626,0.0495036902329,0.0875114920193,0.142309075589,0.143828928236,0.129834690365,0.0914751227265,0.13375316104,0.0881027231585,0.0559040800848,0.127008696631,0.101835536417,0.19526683551,0.184610873059,0.0888741084486,0.0666279627734,0.0651036836423,0.0620104022369,0.0826274075795,1.47577493665
0.0133537237008,0.0,0.0,0.0202170619748,0.0,0.0,0.234044819788,0.0,0.0164954103298,0.0,0.0,0.00958657547704,0.0,0.010804564036,0.0,0.00615901897742,0.00828730305626,0.0,0.0711259296974,0.0209807310085,0.0128999461827,0.0,0.012070633284,0.0258725179528,0.0416240575298,0.188684315951,0.0795436499631,0.0643333144632,0.0147661931961,0.0453088528326,0.0937507054441,0.00940429322687,0.0138209932427,0.0130440882827,0.15427581176,0.0520365394985,0.0379731433903,0.0463047791467,0.028109561541,0.0255311878083,0.0544207826891,0.158343978862,0.156065143037,0.0114559392629,0.0909745434581,0.0283502146108,0.103988419466,0.0230052310289,0.0340878141005,0.108799214195,0.0278051164981,0.0257923941452,0.0124857983138,0.0689718020123,0.11227905042,0.0193992536313,0.0809707809689,0.0617530311257,0.127911420035,0.0385117370673,0.107969837682,0.100643644223,0.0346525401676,0.0563743647029,0.045334403371,0.137612400888,0.0759145236333,0.0428580192621,0.0763193438421,0.0559388685454,0.0909873300493,0.0582417085362,0.0936217434325,0.232780298788,0.0995222815435,0.0973192381869,0.0859555743093,0.0775824107733,0.0800650012582,0.0574712104677,0.104049454755,0.0748535263748,0.127632187641,0.196656226024,0.177381494449,0.0771542219249,0.0858482460291,0.0821234946534,0.111204051108,1.69585329733
0.0087003406137,0.0,0.0,0.0243269023923,0.0,0.0,0.23164929849,0.0,0.0323367472525,0.0,0.0,0.0153952832376,0.0,0.0122512329989,0.0,0.0172996947682,0.0211841162607,0.0,0.0681854444367,0.0270758249546,0.0222812435627,0.0,0.0232196668291,0.0299758730379,0.0505284457651,0.18989216344,0.0762305777008,0.0551688743019,0.0237268024993,0.00449153759284,0.071953806818,0.00538268933616,0.013197893556,0.00782192457728,0.0897354107033,0.020169086906,0.0220543685911,0.0436560545402,0.0161383707477,0.0206445508841,0.026393124665,0.156114907811,0.139726343851,0.0639424884943,0.165475987588,0.0149318244599,0.0959069392873,0.0226070282477,0.0344512331337,0.175229118234,0.0414739683398,0.0444188805109,0.0449337650533,0.0914244477761,0.07574383259,0.0371570278777,0.0772815384346,0.0736483054549,0.172020413484,0.0261800916064,0.102246283712,0.139290581853,0.0508540365699,0.0579681117948,0.0459764824294,0.148946288043,0.0822232136136,0.0416552568251,0.104511813815,0.0613586754602,0.0683724562306,0.0662457519728,0.135172573366,0.189496856376,0.0724807056729,0.10181015151,0.091781425523,0.0727098099874,0.0672927647248,0.0629189181352,0.129432089723,0.0701046504797,0.106365025489,0.170345254278,0.185608136802,0.0834426052601,0.0800396619299,0.0750814849807,0.112694028391,1.68764080067
0.00747430173309,0.0,0.0,0.0236663454778,0.0,0.0,0.237678256785,0.0,0.0336118822878,0.0,0.0,0.0191423698953,0.0,0.0204988877259,0.0,0.0125510049448,0.0202591055512,0.0,0.0655838815104,0.0239039555779,0.0255641599036,0.0,0.0279443506179,0.0312075147612,0.0647363449279,0.206369157457,0.095139384063,0.06525635788,0.00935819932812,0.00404940174139,0.0571942011494,0.0126997099454,0.0226400013848,0.0103317832922,0.0416466520155,0.0409006822697,0.0174550364658,0.0586277155918,0.0212778313853,0.0429321905247,0.0485294334221,0.144022049141,0.152397777564,0.0481545308134,0.133611500432,0.0201599797934,0.071564277331,0.0282287650718,0.041731225263,0.176411574741,0.0295129912904,0.0380566645902,0.0351683316305,0.0932227963643,0.11073959545,0.0253422197282,0.105527359181,0.0443950280868,0.109789228792,0.0350050219589,0.110669564562,0.185356579309,0.063850265192,0.0921092543557,0.0504134561558,0.133264469572,0.0997309029467,0.0420776185239,0.12467020202,0.0616908766348,0.120924592125,0.0693102908075,0.110768325062,0.153778117568,0.0837214508204,0.0963775094342,0.0808941108987,0.0758536410762,0.0711586872751,0.0715332457705,0.170800520038,0.0726218768875,0.111460424666,0.18818116579,0.189631587546,0.104402387448,0.0692847961916,0.0770409187637,0.127855890141,1.72160989553
0.00937556177374,0.0,0.0,0.0182921550803,0.0,0.0,0.238386663612,0.0,0.0276037120585,0.0,0.0,0.0165355492523,0.0,0.00826833300004,0.0,0.0114490230346,0.0130161957488,0.0,0.0559025277711,0.0191547877752,0.020639434274,0.0,0.0239126196172,0.0311339827493,0.0471122286072,0.210611720608,0.111818723033,0.0711735658222,0.0233792771067,0.022889533609,0.0635619678981,0.0279133861701,0.0462081952928,0.0241344096602,0.116209288178,0.013024303209,0.0145234827194,0.0512387822456,0.0149616901662,0.0364761971604,0.0264438043921,0.110726724462,0.10892958565,0.0629915637256,0.0837808621746,0.0160002551005,0.127961029101,0.0368332287386,0.035577663646,0.206371909272,0.0404977380244,0.0287675073368,0.0221400944006,0.0832442267386,0.104657592819,0.031168921336,0.0609405323133,0.0391700297357,0.110773753301,0.0467213451885,0.147567943055,0.171558823984,0.038486730251,0.0880221971035,0.0542823205745,0.127767453824,0.080588132366,0.0398080731577,0.121015042053,0.0461936868721,0.0997929921193,0.075452747428,0.124241291591,0.138865457087,0.0851934169776,0.095426450834,0.0785021652323,0.072844188985,0.0794314072689,0.0832223865349,0.144257610222,0.0622593232419,0.126716993029,0.154800582089,0.134546282722,0.11578737469,0.0775544072372,0.106117773521,0.114596691918,1.674523706
0.0211253242485,0.0,0.0,0.0330791185685,0.0,0.0,0.260665015323,0.0,0.0220685376644,0.0,0.0,0.0122586976196,0.0,0.00365519909875,0.0,0.00456038170795,0.00925540803065,0.0,0.0546205189679,0.0216577107969,0.0257459018447,0.0,0.026531079261,0.0277235581236,0.0526698517619,0.193789961906,0.086660296712,0.0599517989578,0.0212746472062,0.03012778249,0.059518939863,0.0133086113306,0.026156790923,0.010927537993,0.113755264773,0.00872347742409,0.00755294780387,0.051246547803,0.0118848696435,0.0146022467605,0.0153562939884,0.0769467732799,0.120612967351,0.0299826987806,0.125794112278,0.025866624671,0.170758316971,0.0191314419169,0.0342159586995,0.128732546487,0.0315763165698,0.0325238119051,0.00785233154305,0.0843875348366,0.113608612794,0.0219620016327,0.0697775916705,0.036041863901,0.0750880166526,0.0404165704805,0.113072889158,0.16225743805,0.0547624150955,0.11816301548,0.0484560665045,0.137093233011,0.0704634737686,0.0410726518132,0.149036200622,0.036290492577,0.10157272025,0.0785444635423,0.0844788340935,0.157464364369,0.0739511737595,0.0893480577872,0.0932642538675,0.0723065444824,0.0926677690014,0.0856186587074,0.148325365834,0.0522334142764,0.118795775116,0.204261565808,0.141639928192,0.110021016653,0.0760948708227,0.0898046088942,0.10183528461,1.67420541306
0.013163325282,0.0,0.0,0.0256261323227,0.0,0.0,0.261283303724,0.0,0.036622906556,0.0,0.0,0.0216180348723,0.0,0.0123871739491,0.0,0.014972847606,0.0186789192125,0.0,0.0581686807271,0.0169356683011,0.012429831095,0.0,0.0173413155978,0.0212450655293,0.0315965476271,0.152104763368,0.0663829040983,0.0431479216235,0.0176039767932,0.0156714515477,0.0800822261839,0.0126995203017,0.011723496077,0.00441425914802,0.0644987962314,0.0116769725191,0.0128666011555,0.0317351783677,0.00722686471102,0.0294419740584,0.0254021528095,0.0443379288672,0.136811556428,0.0246599637448,0.0997462104837,0.0434555186492,0.139573258797,0.0464920336814,0.0379457916703,0.172897425157,0.0267010030308,0.0291464744491,0.011498982794,0.0651192055504,0.109627812904,0.0229418256345,0.0856290201953,0.0398973940398,0.120791613047,0.0388030807214,0.087567155963,0.140428839361,0.0452353309266,0.094152940344,0.0660641051578,0.170541107417,0.0942856399439,0.0501467247539,0.134616199223,0.0622624385184,0.0811030405573,0.0661733888551,0.088059408388,0.180126562334,0.0713121561524,0.106501628466,0.0799219040883,0.0766112592861,0.0593763519089,0.0742120622984,0.140863827847,0.0673603291878,0.12521549074,0.157350701323,0.155698251023,0.0874121163969,0.0693725663078,0.0796550687263,0.119533469652,1.68485747014
0.0152776420065,0.0,0.0,0.022670205622,0.0,0.0,0.245852462782,0.0,0.0339348086873,0.0,0.0,0.0177077069865,0.0,0.0131422709706,0.0,0.0156724020027,0.0152388061759,0.0,0.0496249508349,0.0137274075012,0.0143790323925,0.0,0.0145113776831,0.0197728674682,0.0322482275038,0.114215983819,0.0365843780726,0.0154956875711,0.00113185286544,0.0128455523663,0.0624098489652,0.0121053512902,0.0103375676819,0.00955123565631,0.0559085249013,0.0219792450626,0.0127699540414,0.0207953807018,0.0160598808776,0.0154502558148,0.0253079369064,0.109321187693,0.125023451996,0.044079201316,0.158019273395,0.0378489705539,0.0888590106386,0.0350013103531,0.0607559332741,0.203105927744,0.049610991949,0.0468882867093,0.0313593992206,0.0734753848748,0.0694442338409,0.0323849966433,0.0845636158659,0.046235616963,0.112024972223,0.0348103680669,0.120738132903,0.13186342582,0.0476703819072,0.0922389993742,0.0409237748085,0.153324714393,0.0845270099475,0.0436186197558,0.149348285857,0.0418757981304,0.125436094771,0.0695709480589,0.0832487105127,0.169502732433,0.0644314943593,0.0970484869918,0.064427133031,0.0621229526182,0.0661816385923,0.0725309201454,0.144689439657,0.0443405848294,0.100007019661,0.157772755236,0.167523996739,0.0840099117643,0.0568757944937,0.0820825468771,0.0969967965731,1.38995023317
0.0100013020422,0.0,0.0,0.0160936314447,0.0,0.0,0.263026714175,0.0,0.035076801451,0.0,0.0,0.0170899821645,0.0,0.0138212769883,0.0,0.0164589413144,0.0163898223936,0.0,0.0580007201198,0.0117228243577,0.00909877665449,0.0,0.0124589948913,0.0172780694628,0.0245233201256,0.113561863259,0.0494436391445,0.0274513156633,0.00964084162791,0.00512304835137,0.0432309733164,0.00995018099015,0.0214258300941,0.0129612819542,0.0757114665832,0.0183229162848,0.0111449523714,0.0312468929366,0.00952797731769,0.0208830473925,0.0235522202851,0.0628500665647,0.064858681819,0.0232213796065,0.0956586879546,0.0218705391375,0.056092437658,0.0345120220106,0.0286585943815,0.149843007971,0.0293882559186,0.033781528443,0.0233405371878,0.0591719916517,0.0676117359665,0.0324672545438,0.0558509385512,0.0514831393781,0.107416364538,0.0348039035505,0.119175187167,0.0725958128116,0.064762194286,0.110714736099,0.0623862619702,0.117941408507,0.0790136258092,0.0431217852911,0.143779004048,0.0595956064597,0.123315049043,0.0765391994892,0.0779396132633,0.165835839692,0.087084451156,0.107985796508,0.0747895806616,0.0611996203034,0.0720664517695,0.0838721563898,0.157557734757,0.0631541397341,0.132559551942,0.274987693091,0.219579430806,0.153656491193,0.123176634874,0.138226021261,0.161821877819,3.7945528787
0.0129611606296,0.0,0.0,0.0283430285883,0.0,0.0,0.258029405711,0.0,0.0209715140024,0.0,0.0,0.0102193166243,0.0,0.00776616084229,0.0,0.0070263729858,0.00595866590716,0.0,0.0488084786666,0.0143517465231,0.00389608392061,0.0,0.00605082012565,0.00844537599589,0.0201598221484,0.109269659788,0.0526091849272,0.0396753204413,0.0182333928589,0.00710632491113,0.0233671171295,0.0122950685247,0.0365250713864,0.0165677530628,0.0741440150995,0.0109651446799,0.0110562523343,0.0322237747675,0.0114893033695,0.0537028316161,0.0582540544046,0.271944151926,0.0895216130542,0.037360889664,0.0921814038622,0.0286650432313,0.103766733152,0.0223990408389,0.0293875059968,0.105020053219,0.0353792182338,0.0375886904739,0.0454926973286,0.213368319136,0.0818498825815,0.0295199230679,0.0713334716193,0.0363327743459,0.108885978398,0.033051515646,0.106094428856,0.0671099761869,0.0275536229359,0.0796546151949,0.0549370926987,0.15486901813,0.0652317783856,0.0640843599322,0.181484031249,0.0516096753499,0.0907318839127,0.0715069634001,0.128739238108,0.120440595977,0.092821179374,0.0979702808613,0.0546024583817,0.0605416046208,0.0694283488123,0.0817280717798,0.152971821118,0.0734552379083,0.110460735892,0.3157465168,0.1456144768,0.0886323995576,0.0697181294327,0.0935490301159,0.110622175013,1.83278239399
0.0194717786184,0.0,0.0,0.0390508760009,0.0,0.0,0.273705292588,0.0,0.0256533978366,0.0,0.0,0.00666138251469,0.0,0.00150591261567,0.0,0.00445544656361,0.0143056703754,0.0,0.0556543665603,0.00785932476565,0.00508321172708,0.0,0.00738909449453,0.00991835328513,0.0349399016086,0.111698345141,0.0615921388819,0.0422793637289,0.0163935323717,0.0109987926939,0.0476382307387,0.0115032473359,0.021287095529,0.0104915675358,0.0487830572536,0.0201967394477,0.0104863354756,0.0287125829648,0.0109085041877,0.161149246787,0.127915528458,0.126887446235,0.0621588747161,0.0446527649634,0.114249873708,0.0172589197287,0.0747428859885,0.038586412423,0.0286957801739,0.14000182414,0.0391887986682,0.0210816881313,0.0472400075158,0.112703946814,0.0553080477345,0.0297697088363,0.0592493893539,0.0273251994852,0.113404876998,0.0464473250708,0.0760095139933,0.0806398596027,0.0314378702378,0.0744945449907,0.0568214433242,0.134376366027,0.0432348360198,0.0417252242436,0.12722223305,0.0558913748868,0.0612465395903,0.0755789918696,0.0892227531467,0.155211258274,0.0842000687493,0.0851907769025,0.0567452836223,0.0549375126313,0.0805821728467,0.0751656320501,0.120875134862,0.0564845231248,0.12724616513,0.168294127615,0.132028021898,0.0907957603542,0.0735781272473,0.0633250763767,0.0851307921206,1.5277373078
0.0161668626613,0.0,0.0,0.0199892808858,0.0,0.0,0.263604557283,0.0,0.0522499905992,0.0,0.0,0.0321566561644,0.0,0.0313183990849,0.0,0.0331666460432,0.0319478115816,0.0,0.0201847176103,0.0399960859219,0.0207812786092,0.0,0.020277266627,0.0259760734496,0.0215969571036,0.079195317592,0.0786483749039,0.0441375471081,0.0121965588968,0.0223312684684,0.0559893665823,0.0123125878301,0.0205051652785,0.00685326454729,0.0689628034463,0.00761614145477,0.0232083254894,0.0316281406939,0.00976447513258,0.0798308032025,0.0774463143592,0.0445630447907,0.101684884728,0.0825227442379,0.184619075464,0.0417673040617,0.10124189375,0.0325569358117,0.0227300926475,0.0926178507944,0.0193622476386,0.0564700525589,0.0430916187212,0.0565645681655,0.0890032601389,0.0419711124052,0.0552415598941,0.0233999117218,0.102686423894,0.0497371867651,0.0777242066813,0.0695309906735,0.0532165924318,0.116221881525,0.0453599309195,0.0924114834736,0.0638153401457,0.0490780577528,0.0767415128137,0.0469327438487,0.0918908036607,0.076675330375,0.0937367765336,0.147598480949,0.107549157753,0.116753039678,0.17598013251,0.12339628065,0.12994023154,0.0869460946703,0.158473750724,0.141995482811,0.13568357339,0.172266274853,0.128696822701,0.0950904328902,0.0896792077327,0.0852650400471,0.131922270681,2.23083649531
0.00856036188825,0.0,0.0,0.0126619272942,0.0,0.0,0.0206425083095,0.0,0.0359214549184,0.0,0.0,0.310867868417,0.0,0.0587303154055,0.0,0.0273502034108,0.0181940575423,0.0,0.0126036344842,0.0148994364177,0.0197144607945,0.0,0.022135618986,0.0596850794609,0.0176879302451,0.00294804521173,0.0043471401556,0.0117769206458,0.00535107326609,0.0131977900679,0.12403503332,0.0209232821976,0.0261369457651,0.0185126859351,0.0175032815065,0.0619003435259,0.0209249155369,0.0223257585759,0.0241806545222,0.113904160077,0.0231251119501,0.119653899309,0.14041031762,0.0920235328399,0.170562464335,0.0283229561897,0.0929241549482,0.0419138471855,0.0190872250887,0.0459943852358,0.0160580974314,0.0769248794296,0.032916357091,0.190544085414,0.125513359271,0.0234410743996,0.0407422873223,0.0291995687689,0.0957611102528,0.0377381551796,0.183007353952,0.0803293284282,0.0336628350265,0.0811546473604,0.0539024857337,0.0961121254775,0.0722082886937,0.0717474578543,0.108605840669,0.069690395788,0.128128720914,0.0911295074902,0.189184843451,0.208197863797,0.0820838696873,0.109729641143,0.080397921016,0.0935628084425,0.0787826575572,0.13425349473,0.126643060844,0.164161496877,0.170781647205,0.194157675543,0.130059414549,0.086611797438,0.0880083543804,0.0591720295451,0.128283491769,2.0722401609
0.0159125540714,0.0,0.0,0.019899760056,0.0,0.0,0.0319881442886,0.0,0.0569354674108,0.0,0.0,0.312090478454,0.0,0.0591534984854,0.0,0.0333380967203,0.0154115326741,0.0,0.0110392678568,0.0184858032737,0.0150168838445,0.0,0.0292773382163,0.0495165164202,0.0310712432698,0.00764354208504,0.0138959859459,0.0124389398756,0.0118105652839,0.0181444445604,0.161132220248,0.0326513319128,0.0323974951326,0.0119825169897,0.0278391984106,0.0562223569122,0.0390999961242,0.0231745965307,0.0210760474214,0.210178107858,0.0273863735779,0.0619351674909,0.084214520535,0.0523592474082,0.151560910108,0.0310183907884,0.135517641716,0.0522107557268,0.029453900488,0.0509946517392,0.0275499237379,0.0829800837223,0.0657611314081,0.0605679322774,0.153482924645,0.0291847165092,0.0310276511574,0.0345073869386,0.0886408796793,0.0458436685476,0.0829566642035,0.10897425222,0.0639139187877,0.124227223683,0.0729872871073,0.0809149806409,0.100463726739,0.0800209818615,0.115992165319,0.0657940953861,0.156277237363,0.0826017142457,0.0939597099181,0.204235092812,0.0876700697946,0.0876282983744,0.0967131825719,0.079564061683,0.0693955147878,0.0786292685588,0.116146746354,0.0568721323625,0.130509188917,0.155337946738,0.223703709694,0.0946150827891,0.083519726161,0.0635586186861,0.127894328353,1.61720186194
0.0074913258761,0.0,0.0,0.00869641949656,0.0,0.0,0.0211663777883,0.0,0.0440365541998,0.0,0.0,0.319099682753,0.0,0.0700634826356,0.0,0.0376672707421,0.0209749901974,0.0,0.0109153311427,0.0148855030654,0.00562155943196,0.0,0.00821235963659,0.0563348039465,0.0413117696228,0.0242449214889,0.0211661039412,0.0348166181147,0.0203621363584,0.0353390369559,0.17243185022,0.0315292386481,0.0370797304409,0.0136301043967,0.0174467935392,0.0982890971504,0.0203781190738,0.0245003011626,0.0178975819645,0.227158717014,0.0233850174908,0.0430526047191,0.105650153587,0.057731364825,0.0923617392352,0.0294582215405,0.222892029082,0.0381099835315,0.0200113517605,0.0688840830596,0.0189169248275,0.0672660761763,0.0204515639872,0.0905830454638,0.105719968084,0.0362410567827,0.0438699504657,0.0224522504686,0.107986204785,0.0215256855908,0.0673030977413,0.111713282488,0.0283083180462,0.118190264153,0.0580957881443,0.0824737649562,0.0742630867303,0.0877251488618,0.100839440154,0.0627616666679,0.132337448092,0.0695231899178,0.0790073796717,0.211505050807,0.0839485306634,0.0868488257533,0.0875268199038,0.0740429168141,0.0761049906132,0.080545903785,0.141993864356,0.0664659795876,0.146792005167,0.254541754095,0.236262062229,0.108967977007,0.10840798622,0.0964837926641,0.12769935955,1.99698029468
0.015751717814,0.0,0.0,0.0198017493351,0.0,0.0,0.0212856564667,0.0,0.0417062841002,0.0,0.0,0.31819984833,0.0,0.0550947898364,0.0,0.0238628233913,0.0124179886703,0.0,0.0088639057254,0.00233001759933,0.00374992916773,0.0,0.00922854153006,0.0641168958316,0.0522608049594,0.024231777146,0.0222876778922,0.0392102069254,0.0217473436117,0.0344731393867,0.134690066087,0.0192206761146,0.014150908116,0.00567108671367,0.019501856508,0.0804442722263,0.0279202019302,0.0228178724457,0.0233173803483,0.199057303048,0.0425809950949,0.0956257314234,0.113660611576,0.0213200986626,0.048582844935,0.0412067101359,0.116716875361,0.0351936841889,0.0213262192248,0.0276881434764,0.0154648301993,0.0444812213685,0.0395822011829,0.182460274535,0.125878524911,0.036085210209,0.0536336827634,0.043725783467,0.0716547842179,0.0397905561065,0.0846066865416,0.124480641714,0.0289963658185,0.0934892932735,0.0550455553534,0.129785022961,0.0829020227732,0.0748209683843,0.0810553603916,0.0709153973117,0.149244477498,0.0520758583633,0.141301511854,0.183370899889,0.0801129572809,0.121608568405,0.0923059213383,0.0563962563671,0.0754046836554,0.0805061449859,0.147793033366,0.0676316232812,0.121782521214,0.217517843327,0.14950612511,0.103802185234,0.0861666044395,0.0754947367393,0.115378002227,1.58157917586
0.018845493769,0.0,0.0,0.0231552112078,0.0,0.0,0.0314661849001,0.0,0.0533091106546,0.0,0.0,0.341888985592,0.0,0.0621836214425,0.0,0.0263136390807,0.0191475268748,0.0,0.0125864977093,0.0120484572951,0.00813580036475,0.0,0.0104501277674,0.0624168787132,0.0382877571058,0.0203007051635,0.016204455618,0.023361396004,0.0199913390757,0.028191127554,0.18804533389,0.03009115761,0.0400796291792,0.0146511630329,0.0307378931058,0.0588243433117,0.0103655823972,0.0181618639832,0.0149458420663,0.167079560102,0.037603917186,0.0246488668659,0.146160679973,0.0165366488006,0.028162870795,0.0195677230142,0.163945843941,0.0240624918821,0.00923210200309,0.0601422108298,0.0179117703906,0.0467226601621,0.0251968617511,0.0641331991634,0.100222993171,0.0183723911482,0.0514090246181,0.0245670812916,0.164724475539,0.0465231213274,0.0574069714014,0.0960662986807,0.0290742607353,0.0984217678487,0.0638653359339,0.0688615968269,0.0764461088123,0.0733579615694,0.0946328109836,0.049168034954,0.170269424207,0.0555190071642,0.0550035987177,0.257783612613,0.0886089839329,0.105230532843,0.0730698090799,0.0746972341448,0.0832848065188,0.0765842179402,0.152230113664,0.0803792465574,0.123565352901,0.18435897585,0.166015038682,0.1045171475,0.0907716806766,0.0728383515717,0.140340372305,1.54036762529
0.00709342600466,0.0,0.0,0.0133609110721,0.0,0.0,0.0185424764036,0.0,0.0495925428575,0.0,0.0,0.346551700428,0.0,0.0883664797039,0.0,0.0367053633931,0.033008162611,0.0,0.0159064679257,0.024308077074,0.0198976853816,0.0,0.0272491429584,0.0651346457797,0.0259341179781,0.00295558305409,0.00315963687395,0.0191645155465,0.0134851634431,0.0233231165927,0.13092493748,0.0181050557222,0.0239992219503,0.00658720354285,0.0108435072935,0.0621584568088,0.0211521911829,0.0112232315322,0.00505444964567,0.163336106052,0.0284914857481,0.0311300957953,0.151614145063,0.0143644891779,0.041988373905,0.0398695256551,0.171333626761,0.0361895857925,0.013532682887,0.0414261939264,0.0159926429088,0.0529263908503,0.0371618757382,0.0929258986979,0.0760621048912,0.0236122304888,0.0314545606095,0.029930486208,0.109763480696,0.0269169550325,0.105453283074,0.0980063023578,0.0304282314466,0.050482939137,0.0835262746414,0.0756046423471,0.0685953752819,0.0620896358096,0.100237153124,0.0472789257627,0.146788981738,0.0535522857728,0.111496250987,0.196135202626,0.084967003661,0.123638728533,0.11535513801,0.0859603648888,0.0681407905668,0.093160360497,0.153025831773,0.134290143256,0.155785635402,0.161016284208,0.133201215632,0.0833253712768,0.072514566,0.0758689611162,0.106612181051,1.59124613709
0.0150992977967,0.0,0.0,0.0184373051044,0.0,0.0,0.0268007228509,0.0,0.0499014078472,0.0,0.0,0.354031124176,0.0,0.0738805811749,0.0,0.0390195159905,0.0303883941555,0.0,0.0218573690728,0.0225415518545,0.0200905475109,0.0,0.0220434363788,0.0669960219527,0.0167422264436,0.00690072425602,0.00281105987654,0.0107000040408,0.0109810171006,0.0136517812422,0.0910671578178,0.0157332930328,0.0185105679595,0.00286297236694,0.013398266026,0.0576008820642,0.0172303651237,0.0110778103734,0.0133991364606,0.113351230196,0.0278922844526,0.0396929249272,0.149742438829,0.0155818086256,0.0649768711358,0.0382638795444,0.170576785344,0.0515108702851,0.0342791390955,0.0549139839134,0.00994649757223,0.0384670680341,0.0395351183056,0.0866695982689,0.10715617545,0.0269962492311,0.0305550664071,0.0310242321152,0.0786548013867,0.0433302573558,0.0988731020488,0.123533634646,0.0299883035854,0.0626235540142,0.0771887429703,0.0741770845308,0.0784672201076,0.0633894822136,0.0615950061294,0.0595622295077,0.136334780453,0.0719056067912,0.141004730165,0.237931131989,0.0738210258297,0.0920872983808,0.0874492127032,0.0518012896069,0.0538836047764,0.0705931661333,0.12417170836,0.0747345697674,0.144753403258,0.125372132729,0.140052729846,0.0874611717585,0.0731642534728,0.0610932458269,0.114548400783,1.39550389444
0.0188409376248,0.0,0.0,0.0256380047065,0.0,0.0,0.0325482420523,0.0,0.0555388806653,0.0,0.0,0.382771370533,0.0,0.0666433031774,0.0,0.0318174070424,0.0177013941221,0.0,0.0121502506439,0.0107759320233,0.0115715915433,0.0,0.0201515615112,0.0682489376759,0.0277742032669,0.0075005049901,0.000805904058229,0.00676967748881,0.00526807808553,0.0118712277154,0.0864295318698,0.0173204945375,0.0213802619,0.00843093178927,0.0141296520648,0.0372736641919,0.00641240218951,0.00742820995043,0.00696421078041,0.135318441462,0.0145836543005,0.0138714799254,0.106378099834,0.0287430663538,0.0548669987816,0.0241142416302,0.0844547065681,0.0246911039915,0.0229273259173,0.0416144511507,0.0126975689593,0.0384136392541,0.0190062809747,0.0456178072807,0.0549022019236,0.0205479093218,0.0359407331337,0.017417099013,0.0666536390476,0.0228499488927,0.0373145583868,0.0776923618951,0.0439366326367,0.0715838937791,0.0525951607033,0.0752699087838,0.0849459857492,0.0791177839853,0.0661169747219,0.0528212136106,0.14726724558,0.0330024130979,0.059202578778,0.181848576175,0.0515236446839,0.0825443489952,0.0796170560399,0.0460138612411,0.0487334308056,0.0628731964964,0.124180477096,0.0554090446596,0.0924637082993,0.154235577864,0.123859492802,0.0817289528685,0.0603621984317,0.0610039044526,0.0915405355509,1.32923150758
0.0119177994562,0.0,0.0,0.0161729706965,0.0,0.0,0.0297932117625,0.0,0.0515059556139,0.0,0.0,0.360632186808,0.0,0.0813003972686,0.0,0.0363012396379,0.0191322137177,0.0,0.0162995496159,0.0127779556967,0.00746517430766,0.0,0.00289677688096,0.0501064579018,0.0395020520134,0.021940775675,0.0141409268421,0.0345005019571,0.0168238290947,0.0158891101939,0.104163913794,0.0268273579603,0.0318534708309,0.00776045519749,0.0224426408283,0.0457997700787,0.0262469742832,0.0290084704015,0.0372269294882,0.107826745801,0.0341234024846,0.107438400057,0.0345415929191,0.0156866352051,0.0404444383572,0.0344622869773,0.123897969693,0.0351078216831,0.0182906677531,0.0180203267939,0.0173718359058,0.0529644885584,0.0413390178383,0.201522359559,0.074743764623,0.0276494653936,0.036942944971,0.0266176827578,0.0907130435541,0.0413361458572,0.0937037715531,0.0947807735528,0.0395257126476,0.0832009221421,0.0584894562781,0.090505285782,0.0753534460527,0.0595963418164,0.0758941847976,0.0570333193986,0.122167072487,0.0465160753155,0.127384354244,0.210535091542,0.0786796635744,0.102062677149,0.0657338019176,0.04822574734,0.0515362654735,0.066728732592,0.124944946454,0.0688301344277,0.121632116999,0.277121215384,0.120814238219,0.0854787666364,0.0800808469494,0.0675262931827,0.116875957786,1.93574000967
0.0173933491811,0.0,0.0,0.0231566125992,0.0,0.0,0.0343515439199,0.0,0.0511173606534,0.0,0.0,0.357725524874,0.0,0.0800823663257,0.0,0.0309022526541,0.0157176280659,0.0,0.0149097401356,0.0117004936204,0.00564998633026,0.0,0.00786223580051,0.0495366526652,0.0428681149536,0.0199505571515,0.0172545167516,0.0385757229247,0.0216614105868,0.0286057091146,0.130942678822,0.0125896148493,0.0144741822597,0.00577940276504,0.00593431903916,0.0328722685817,0.00508092459527,0.00870385035973,0.0132533351527,0.148016932635,0.0562266200226,0.099008554443,0.0639094270728,0.0150875127671,0.0393122623686,0.0401425806003,0.170788558605,0.0112208661596,0.0178148123288,0.0551556279292,0.00906949335315,0.0451782337023,0.0611598503258,0.182097741315,0.077521145674,0.0325591009409,0.0191388045066,0.0262307308924,0.102093977676,0.0474033233464,0.0692909304299,0.0426262752513,0.032356388663,0.0678071162134,0.0535804321711,0.0891007009127,0.0552371195399,0.0660413840854,0.0551097185763,0.0460781686198,0.111574379465,0.0644729676272,0.115182321373,0.22224878721,0.0745571079311,0.0918261873664,0.0736097118285,0.0562925342147,0.0636766722605,0.0714034441081,0.117618682082,0.0609013892505,0.1135357994,0.196351692865,0.132234829185,0.0862954182159,0.0556398376681,0.0602356121756,0.0871390012033,1.34393131874
0.0180445411142,0.0,0.0,0.0232582919626,0.0,0.0,0.029131030841,0.0,0.0538611505766,0.0,0.0,0.386003840859,0.0,0.0702434236175,0.0,0.0313938070606,0.0182493986198,0.0,0.0124470395385,0.0110851397092,0.00880234874022,0.0,0.0108834270709,0.0610652566303,0.0343058936027,0.0169987339209,0.0125567833384,0.026877919729,0.0143746852466,0.0218167094229,0.121477478936,0.0191703891752,0.0221998582228,0.00653944456387,0.013641668549,0.0249869166995,0.00795534164927,0.00893061382624,0.0140137344115,0.0490228610683,0.0247894099778,0.0161748285948,0.0256775842609,0.0136322248406,0.0284717364319,0.0372048223015,0.241970121226,0.0312275812025,0.0197026836661,0.0455232198855,0.0146839371461,0.02621857178,0.0153717315286,0.0432658310142,0.0642992808007,0.0193892587422,0.0373890156666,0.0204270873044,0.0787844316401,0.0212523932821,0.0438686676502,0.0845123992708,0.0243141508558,0.072301064956,0.042005829214,0.0604906345159,0.0616820881643,0.0562797252288,0.047342102162,0.0238374520369,0.130117650887,0.040410259108,0.0512148738796,0.18105095452,0.0644562172271,0.0911003418927,0.0799652690241,0.083327502654,0.0828248225912,0.0592610597538,0.108346219461,0.0647537042111,0.13717962298,0.129045850753,0.14369196975,0.0857497821883,0.0580465921604,0.0734532109143,0.10409264833,1.47080128764
0.0120337743728,0.0,0.0,0.0147971476154,0.0,0.0,0.0260806062175,0.0,0.0495635988936,0.0,0.0,0.352685148525,0.0,0.0714774094495,0.0,0.0393158555676,0.0321502169258,0.0,0.0263516543241,0.0210378074368,0.0196901385699,0.0,0.0297813319969,0.0646511701017,0.0209140568057,0.00605372384642,0.00248500544386,0.00827533216173,0.00846566416234,0.0161239451007,0.114992258465,0.0230566074852,0.0194262273993,0.0109857525405,0.0093854478312,0.0214442825581,0.014452987593,0.00756358760603,0.0135872043077,0.022944395654,0.00882450593761,0.0468781821115,0.0370653147913,0.0226291220419,0.0144390828921,0.0436840767079,0.260094717555,0.0264001323657,0.02158760702,0.0467010722421,0.0115337642078,0.0301113088792,0.0139299515349,0.114766138474,0.0716434548494,0.0107601270113,0.0213627058616,0.0228145924768,0.0460755378472,0.0228383975876,0.160936310756,0.069682279486,0.0272743168496,0.0553547279109,0.0527376501262,0.0590352020874,0.0533557242129,0.0408785721251,0.0500255975292,0.0483860482794,0.12467316327,0.0653696958867,0.190367438303,0.193533819571,0.0842718457897,0.109090056459,0.120341994035,0.102923774356,0.0602951097095,0.0997641065322,0.126779969078,0.167734725402,0.133595753353,0.131792890973,0.0990309059966,0.0671609430071,0.0518312734833,0.0417970805711,0.0741579061973,1.44999215534
0.0131247770084,0.0,0.0,0.0202405468515,0.0,0.0,0.0249671507798,0.0,0.0584125180696,0.0,0.0,0.363130736632,0.0,0.0858381902066,0.0,0.038360339858,0.0292441029157,0.0,0.0253401040861,0.0196219711035,0.019588401091,0.0,0.0282019715573,0.061263849907,0.0219598211913,0.00514957789192,0.00829526200444,0.0212025270538,0.0146755486295,0.0255726480012,0.117630307712,0.0109536907454,0.0125332237674,0.00590714315575,0.00403070421456,0.00838061443341,0.00345230635745,0.0062076798962,0.0104683353874,0.0858149155388,0.00468039568849,0.0395843810748,0.0344303716317,0.00510834713855,0.0155872662761,0.0336103704461,0.185006966006,0.017466100569,0.00774864196875,0.0235570571549,0.0094207840454,0.0294631807875,0.0482397377719,0.0703881020537,0.0865554347013,0.0190810964702,0.0253719089775,0.0235966750509,0.0729334686883,0.0351810801828,0.0679418365996,0.0917205591263,0.0338306911953,0.0687132559192,0.0672879067497,0.0796554842243,0.0618756127412,0.0541711938516,0.0696216537049,0.0716001172064,0.116911879174,0.0511493618533,0.103097583522,0.170007705043,0.0597783764016,0.0737918344448,0.0545085661969,0.0403805571023,0.0433534927543,0.0375043551823,0.0867135023135,0.0688957501154,0.117992896439,0.144933077534,0.163796124601,0.0620071343157,0.0498399886199,0.0389091093847,0.0896249880877,1.13739638262
0.021869927814,0.0,0.0,0.0275625550597,0.0,0.0,0.0318992876797,0.0,0.058188170366,0.0,0.0,0.383899760143,0.0,0.0657807507064,0.0,0.0322084634156,0.01710987886,0.0,0.0162644156272,0.0145437993949,0.0139000172016,0.0,0.0195627088115,0.0599921193684,0.0202577149882,0.0053996311716,0.00193907179783,0.00592729890724,0.00906586247962,0.0168186812522,0.124545001135,0.0206515184016,0.0235957845293,0.00299472640309,0.0103967266382,0.0118306254289,0.0124125186275,0.00727799733591,0.00622642335208,0.116113246175,0.0131781963003,0.00769410240093,0.0346269903789,0.00663525447706,0.00928263894978,0.0278280998711,0.0705195263582,0.0107166006597,0.0113511160535,0.0288769217001,0.00638069270357,0.0516500506282,0.0141033341839,0.0294894927923,0.0366019275122,0.0165943918824,0.0190614822688,0.0116054253402,0.0878942311946,0.0187019614588,0.033093674281,0.0802111990368,0.0222535389386,0.0995843092499,0.0372494296163,0.053268432548,0.0613452097052,0.0796915167117,0.0442509836574,0.0384277964313,0.108448945455,0.0340832121732,0.0613297819821,0.161535520629,0.0565187641793,0.0762695450011,0.0536387281406,0.0320353517165,0.0415076798905,0.0364602038344,0.0845639451655,0.0400065499097,0.109929112633,0.176427563519,0.167684876887,0.0660180903945,0.0525650505139,0.0560780353291,0.0763755055877,1.36888296593
0.0103502868884,0.0,0.0,0.0164537503383,0.0,0.0,0.0243434551857,0.0,0.0523827617515,0.0,0.0,0.381502419809,0.0,0.0697851080974,0.0,0.0333635783292,0.0207937869773,0.0,0.0151055302832,0.0104699108741,0.00542600621432,0.0,0.00326034050854,0.0509827257962,0.0364366381484,0.0217967079674,0.0176180658493,0.0290528741249,0.016622688054,0.0238663876471,0.124695726706,0.0232081059628,0.024515969777,0.0116890110532,0.0166968257095,0.0118624841695,0.0139686549604,0.0123209851184,0.0193157319322,0.111035410467,0.0205847959542,0.0258789804003,0.0211369071883,0.00704346482725,0.0134546556865,0.0271972800911,0.0821935324975,0.0145069933368,0.00996705552197,0.0326695311097,0.00919995013538,0.0508115357563,0.0307200374222,0.126423477014,0.0831370545779,0.0178287602056,0.0174466318057,0.0169395981215,0.0647313237511,0.0424765535816,0.0650615520803,0.0714528712002,0.0227717533462,0.081244490742,0.0461103571529,0.055640771347,0.0519125221092,0.0928858048009,0.0394489077708,0.043375791219,0.0812930702579,0.0453888582354,0.118159731445,0.160737679255,0.0539558146439,0.0726585143129,0.0521688556075,0.0378454558841,0.0523817937599,0.0413845735838,0.0688142014759,0.046011341736,0.0994275694513,0.233855803468,0.11281706146,0.0781238545452,0.0478214492799,0.0456750361151,0.0709523698634,1.23490718957
0.0199169145344,0.0,0.0,0.0232843568925,0.0,0.0,0.0373857525312,0.0,0.0619874578043,0.0,0.0,0.391648928579,0.0,0.0821254847648,0.0,0.0336716912676,0.0195881118511,0.0,0.0153398361361,0.0115508108425,0.00856160246563,0.0,0.00946311178632,0.0539240724157,0.0409092888996,0.0225106402196,0.0168778876845,0.0308089003464,0.020167877114,0.0238541920019,0.123216535885,0.0184479964892,0.00891827443313,0.00500690096549,0.00704726646852,0.00682793641823,0.0021970448718,0.00601659530752,0.0148207234145,0.108252998481,0.0207703405349,0.0186887211268,0.0370204381057,0.00681018663004,0.017122811546,0.0315627702838,0.126015702483,0.0158972806887,0.0202072864752,0.0459436691391,0.0107525294919,0.0375949763804,0.0260965122309,0.0558410676629,0.0516092949582,0.0302697851889,0.0193002095952,0.0196036353155,0.056162913314,0.0384628651174,0.0365747184468,0.0459370806374,0.0207268676373,0.0846220541072,0.0394052497423,0.0639995127368,0.0597234133112,0.0842741697399,0.0434637094837,0.0280639191858,0.110511318253,0.043178664005,0.0636140431209,0.215877390482,0.0660652813187,0.0638554182092,0.0483527939336,0.04553190091,0.0514286759015,0.0514504521982,0.0761863640869,0.0491096638104,0.101196940137,0.144966238925,0.114958744495,0.0679243829544,0.049326158821,0.0433413978388,0.0678099077324,1.05330684152
0.0197123325122,0.0,0.0,0.026705088319,0.0,0.0,0.0361766027809,0.0,0.0584546981744,0.0,0.0,0.392293910151,0.0,0.0789437757611,0.0,0.0365544377406,0.0228705362109,0.0,0.014094974551,0.0113217724337,0.0117784824568,0.0,0.0144349551911,0.0549009043,0.0371128245681,0.0201477260892,0.0166457252434,0.028262339676,0.0200236313389,0.0237958402668,0.122335444652,0.0204028550054,0.0204496554928,0.00838500801516,0.00996718362135,0.0153126570055,0.0111744292176,0.0122960204948,0.0175751618204,0.0799972271217,0.00744265150417,0.0157656164323,0.0133778714713,0.010551848161,0.0220654571841,0.0361087336771,0.205506779947,0.0292167135303,0.0200065640606,0.0337078576743,0.0217594356592,0.0344938457559,0.0117677507562,0.0600099818378,0.0687849401578,0.0291921130199,0.0166388405146,0.0157151152551,0.0840103691113,0.0183727396659,0.040206996998,0.0892515515011,0.0237427280797,0.060893691351,0.0188276554729,0.0638524522819,0.0433777071786,0.0502435730262,0.0396691132544,0.021500158623,0.0846928497573,0.0382307426662,0.0603443431931,0.133549454882,0.0644608495089,0.0723648719938,0.095366039552,0.065706098252,0.0581826119072,0.0558439956893,0.0815576585273,0.0862038600696,0.0885085034613,0.115328974716,0.0943081491376,0.0600792554922,0.0473067057271,0.042983153,0.0692646963147,0.976136018901
0.010296408152,0.0,0.0,0.0153929410067,0.0,0.0,0.0249231627707,0.0,0.0497460714016,0.0,0.0,0.38658881009,0.0,0.076285793037,0.0,0.0391721860074,0.0266436881242,0.0,0.0252295077061,0.0215456760568,0.0216534119276,0.0,0.0266673537203,0.0720892728909,0.0187312245998,0.00404812389131,0.00428657893909,0.0152250511174,0.0138605752091,0.0213859830422,0.128013539733,0.0215152156676,0.0228707621194,0.00831539454183,0.0114965903616,0.020043740911,0.00512518263588,0.00534138403277,0.0050644441848,0.0827318686475,0.00539272163837,0.0155806491719,0.0206643850725,0.00683850555214,0.0165791991077,0.0271156266806,0.201036038857,0.0342827704977,0.0203428576368,0.0338496758419,0.0143954894156,0.0318969103447,0.0211705558912,0.0922627010519,0.0708302384704,0.0234321391606,0.020308957068,0.0183442412129,0.0375675713994,0.0202631796064,0.0933913358445,0.0750866406483,0.0245558106601,0.0425192649584,0.0244268073609,0.0585045997255,0.0361217528092,0.0252790151999,0.0426522856951,0.0565661381664,0.120125766676,0.0464444387846,0.127770048827,0.130458541018,0.0448034856042,0.0372263241102,0.0479549479289,0.0479482407623,0.034774213906,0.0478008914174,0.063796668625,0.0855612047595,0.110503805194,0.109234014317,0.0886970744273,0.0438421973766,0.0382011775681,0.0353403173761,0.0667456278701,0.953762794106
0.0161249473615,0.0,0.0,0.0230136344458,0.0,0.0,0.0298799276257,0.0,0.0526720905314,0.0,0.0,0.401836086259,0.0,0.0847223862382,0.0,0.0451932147339,0.0301054222293,0.0,0.0225872265457,0.0216631979598,0.0206240166011,0.0,0.0253392179061,0.0705646166375,0.0241936687839,0.0113829535491,0.00773044183616,0.0149801790863,0.0107465899926,0.0203817639469,0.132577161945,0.0237284843153,0.020939832461,0.0109286225999,0.0116569794327,0.0195085117857,0.00889821019963,0.00989698565209,0.0122119647654,0.0649124965023,0.0208753569202,0.0116326200918,0.0160062113605,0.00711511751095,0.0172139352443,0.0347682472478,0.169873370444,0.0222536182402,0.0152729777114,0.0317783929296,0.00637473141924,0.0191578643824,0.0287842598753,0.0546658379985,0.0362256226583,0.0136916607911,0.0158276495715,0.0188280407129,0.0474186641545,0.0188656067756,0.0115404975977,0.0603402569854,0.024312048618,0.0440523999911,0.0366087861445,0.0417557454448,0.0427543235183,0.0576483363587,0.0256099988536,0.0325085362151,0.0543793772604,0.0381707568227,0.041311809327,0.0985347037608,0.0388513145909,0.0380851514351,0.0322177853626,0.0222572796286,0.0338550799342,0.0195711212385,0.0488687782252,0.0278302795315,0.0626170240372,0.105264113014,0.0935574578586,0.0384117520966,0.0243214010266,0.0287627598363,0.0479183008624,0.649866516196
0.0257972166395,0.0,0.0,0.0261777831652,0.0,0.0,0.0381748991569,0.0,0.0699834779897,0.0,0.0,0.404531390147,0.0,0.0843083763254,0.0,0.0363898070994,0.0192670829478,0.0,0.0184741707789,0.0150012899072,0.0167283306615,0.0,0.02635120665,0.0636524578669,0.0252874416817,0.0082619350532,0.00226499288218,0.0120679427932,0.00693859601622,0.0261578195127,0.130283547811,0.0201323636737,0.0217393025639,0.0092481177455,0.0109013790103,0.0138276582083,0.0114559902426,0.00714917003162,0.0100754628369,0.0391037936554,0.00482469829519,0.0275224352328,0.0221526495343,0.005661015574,0.0129765892634,0.0358166107244,0.170319100102,0.0257191847653,0.0172630329905,0.0341817780788,0.0177416868264,0.02894325195,0.0284654406203,0.125941129215,0.0297779048417,0.0127480039912,0.0146839345123,0.0122592446452,0.0552078611246,0.019309264183,0.0557746213759,0.0503936450596,0.0203972602215,0.0631231343017,0.0365379521825,0.0362687480759,0.0440246735955,0.0587998779679,0.0300244199093,0.0246657672975,0.0631230121026,0.0269323250784,0.089555354337,0.110883422553,0.0541366909378,0.0536286393436,0.032635091058,0.0325814762954,0.0315522009475,0.0361729831628,0.0579621796885,0.0417541435019,0.0872507296584,0.198434247117,0.122973757995,0.0620592692075,0.0649826106828,0.0587152161618,0.0810041957757,1.38348500682
